.	Basic Statistics	Per Base Sequence Quality	Per Sequence Quality Scores	Per Base Sequence Content	Per Sequence GC Content	Per Base N Content	Sequence Length Distribution	Sequence Duplication Levels	Overrepresented Sequences	Adapter Content
ERR1041403	1	1	1	0.25	1	1	1	0.5	0.5	1
ERR1041404	1	1	1	0.25	1	1	1	0.5	0.5	1
ERR1041405	1	1	1	0.25	0.5	1	1	0.5	0.25	1
ERR1041406	1	1	1	0.25	1	1	1	0.5	0.5	1
ERR1041407	1	1	1	0.25	1	1	1	0.5	0.5	1
ERR1041408	1	1	1	0.25	1	1	1	0.5	0.5	1
ERR1041409	1	1	1	0.25	1	1	1	0.5	0.5	1
ERR1041410	1	1	1	0.25	1	1	1	0.25	0.5	1
ERR1041411	1	1	1	0.25	1	1	1	0.5	0.5	1
ERR1041412	1	1	1	0.25	1	1	1	0.5	0.5	1
ERR1041413	1	1	1	0.25	1	1	1	0.5	0.5	1
ERR1041414	1	1	1	0.25	1	1	1	0.25	0.5	1
ERR1041415	1	1	1	0.25	1	1	1	0.5	0.5	1
ERR1041416	1	1	1	0.25	1	1	1	0.25	0.25	1
ERR1041417	1	1	1	0.25	1	1	1	0.5	0.5	1
ERR1041418	1	1	1	0.25	1	1	1	0.5	0.5	1
ERR1041419	1	1	1	0.25	1	1	1	0.5	0.5	1
ERR1041420	1	1	1	0.25	1	1	1	0.25	0.5	1
ERR1041421	1	1	1	0.25	1	1	1	0.5	0.5	1
ERR1041422	1	1	1	0.25	1	1	1	0.5	0.5	1
ERR1041423	1	1	1	0.25	1	1	1	0.5	0.5	1
ERR1041424	1	1	1	0.25	1	1	1	0.25	0.5	1
ERR1041425	1	1	1	0.25	0.5	1	1	0.25	0.5	1
ERR1041426	1	1	1	0.25	1	1	1	0.25	0.5	1
ERR1041427	1	1	1	0.25	1	1	1	0.25	0.5	1
ERR1041428	1	1	1	0.25	1	1	1	0.25	0.5	1
ERR1041429	1	1	1	0.25	1	1	1	0.5	0.5	1
ERR1041430	1	1	1	0.25	1	1	1	0.5	0.5	1
ERR1041431	1	1	1	0.25	1	1	1	0.5	0.5	1
ERR1041432	1	1	1	0.25	1	1	1	0.5	0.5	1
ERR1041433	1	1	1	0.25	1	1	1	1	0.5	1
ERR1041434	1	1	1	0.25	1	1	1	0.5	0.5	1
ERR1041435	1	1	1	0.25	1	1	1	0.5	0.5	1
ERR1041436	1	1	1	0.25	0.5	1	1	0.5	0.25	1
ERR1041437	1	1	1	0.25	0.5	1	1	0.5	0.25	1
ERR1041438	1	1	1	0.25	0.5	1	1	0.5	0.25	1
ERR1041439	1	1	1	0.25	1	1	1	0.5	0.5	1
ERR1041440	1	1	1	0.25	1	1	1	0.5	0.5	1
ERR1041441	1	1	1	0.25	1	1	1	0.25	0.5	1
ERR1041442	1	1	1	0.25	1	1	1	0.5	0.5	1
ERR1041443	1	1	1	0.25	1	1	1	0.25	0.5	1
ERR1041444	1	1	1	0.25	1	1	1	0.25	0.5	1
ERR1041445	1	1	1	0.25	1	1	1	0.25	0.5	1
ERR1041446	1	1	1	0.25	1	1	1	0.25	0.5	1
ERR1041447	1	1	1	0.25	1	1	1	0.25	0.5	1
ERR1041448	1	1	1	0.25	1	1	1	0.25	0.5	1
ERR1041449	1	1	1	0.25	1	1	1	0.25	0.5	1
ERR1041450	1	1	1	0.25	0.5	1	1	0.25	0.25	1
ERR1041451	1	1	1	0.25	1	1	1	0.25	0.5	1
ERR1041452	1	1	1	0.25	1	1	1	0.5	0.5	1
ERR1041453	1	1	1	0.5	1	1	1	0.25	0.5	1
ERR1041454	1	1	1	0.25	1	1	1	0.5	0.5	1
ERR1041455	1	1	1	0.25	1	1	1	0.5	1	1
ERR1041456	1	1	1	0.25	1	1	1	0.25	0.5	1
ERR1041457	1	1	1	0.5	1	1	1	0.25	0.5	1
ERR1041458	1	1	1	0.25	1	1	1	0.25	0.5	1
ERR1041459	1	1	1	0.25	1	1	1	0.25	0.5	1
ERR1041460	1	1	1	0.5	1	1	1	0.25	0.5	1
ERR1041461	1	1	1	0.25	1	1	1	0.25	0.5	1
ERR1041462	1	1	1	0.25	1	1	1	0.25	0.5	1
ERR1041463	1	1	1	0.25	1	1	1	0.25	0.5	1
ERR1041464	1	1	1	0.5	1	1	1	0.25	0.5	1
ERR1041465	1	1	1	0.5	1	1	1	0.25	0.5	1
ERR1041466	1	1	1	0.5	1	1	1	0.25	0.5	1
ERR1041467	1	1	1	0.25	0.5	1	1	0.25	0.5	1
ERR1041468	1	1	1	0.25	1	1	1	0.25	0.5	1
ERR1041469	1	1	1	0.25	1	1	1	0.25	0.5	1
ERR1041470	1	1	1	0.25	1	1	1	0.25	0.5	1
ERR1041471	1	1	1	0.25	1	1	1	0.25	0.5	1
ERR1041472	1	1	1	0.25	1	1	1	0.25	0.5	1
ERR1041473	1	1	1	0.25	1	1	1	0.25	0.5	1
ERR1041474	1	1	1	0.25	1	1	1	0.25	0.5	1
ERR1041475	1	1	1	0.25	1	1	1	0.25	0.5	1
ERR1041476	1	1	1	0.25	1	1	1	0.25	0.5	1
ERR1041477	1	1	1	0.25	1	1	1	0.5	0.5	1
ERR1041478	1	1	1	0.5	1	1	1	0.5	0.5	1
ERR1041479	1	1	1	0.25	1	1	1	0.25	0.5	1
ERR1041480	1	1	1	0.5	1	1	1	0.25	0.5	1
ERR1041481	1	1	1	0.25	1	1	1	0.25	0.5	1
ERR1041482	1	1	1	0.5	1	1	1	0.25	0.5	1
ERR1041483	1	1	1	0.25	1	1	1	0.25	0.5	1
ERR1041484	1	1	1	0.5	1	1	1	0.25	0.5	1
ERR1041485	1	1	1	0.5	1	1	1	0.25	0.5	1
ERR1041486	1	1	1	0.25	1	1	1	0.25	0.5	1
ERR1041487	1	1	1	0.5	1	1	1	0.25	0.5	1
ERR1041488	1	1	1	0.25	1	1	1	0.25	0.5	1
ERR1041489	1	1	1	0.5	1	1	1	0.5	0.5	1
ERR1041490	1	1	1	0.5	1	1	1	0.25	0.5	1
ERR1041491	1	1	1	0.5	1	1	1	0.25	0.5	1
ERR1041492	1	1	1	0.5	1	1	1	0.25	0.5	1
ERR1041493	1	1	1	0.5	1	1	1	0.5	0.5	1
ERR1041494	1	1	1	0.25	1	1	1	0.5	0.5	1
ERR1041495	1	1	1	0.5	1	1	1	0.25	0.5	1
ERR1041496	1	1	1	0.5	1	1	1	0.25	0.5	1
ERR1041497	1	1	1	0.25	1	1	1	0.25	0.5	1
ERR1041498	1	1	1	0.25	1	1	1	0.25	0.5	1
ERR1041499	1	1	1	0.25	1	1	1	0.5	0.5	1
ERR1041500	1	1	1	0.25	0.5	1	1	0.25	0.25	1
ERR1041501	1	1	1	0.25	1	1	1	0.25	0.5	1
ERR1041502	1	1	1	0.5	1	1	1	0.25	0.5	1
ERR1041503	1	1	1	0.25	0.5	1	1	0.25	0.25	1
ERR1041504	1	1	1	0.5	1	1	1	0.5	0.5	1
ERR1041505	1	1	1	0.5	1	1	1	0.25	0.5	1
ERR1041506	1	1	1	0.5	1	1	1	0.25	0.5	1
ERR1041507	1	1	1	0.5	1	1	1	0.5	0.5	1
ERR1041508	1	1	1	0.5	1	1	1	0.25	0.5	1
ERR1041509	1	1	1	0.5	1	1	1	0.25	0.5	1
ERR1041510	1	1	1	0.5	1	1	1	0.25	0.5	1
ERR1041511	1	1	1	0.25	1	1	1	0.25	0.5	1
ERR1041512	1	1	1	0.25	1	1	1	0.25	0.5	1
ERR1041513	1	1	1	0.25	1	1	1	0.25	1	1
ERR1041514	1	1	1	0.25	1	1	1	0.25	0.5	1
ERR1041515	1	1	1	0.25	0.5	1	1	0.25	0.5	1
ERR1041516	1	1	1	0.25	1	1	1	0.5	0.5	1
ERR1041517	1	1	1	0.25	1	1	1	0.25	0.5	1
ERR1041518	1	1	1	0.25	0.5	1	1	0.25	0.5	1
ERR1041519	1	1	1	0.25	0.25	1	1	0.25	0.25	1
ERR1041520	1	1	1	0.25	0.25	1	1	0.25	0.25	1
ERR1041521	1	1	1	0.25	0.25	1	1	0.25	0.25	1
ERR1041522	1	1	1	0.25	0.5	1	1	0.5	0.5	1
ERR1041523	1	1	1	0.25	1	1	1	0.25	0.5	1
ERR1041524	1	1	1	0.25	0.5	1	1	0.25	0.25	1
ERR1041525	1	1	1	0.25	0.25	1	1	0.25	0.5	1
ERR1041526	1	1	1	0.25	0.5	1	1	0.5	0.25	1
ERR1041527	1	1	1	0.25	0.25	1	1	0.5	0.25	1
ERR1041528	1	1	1	0.25	1	1	1	0.5	0.5	1
ERR1041529	1	1	1	0.25	1	1	1	0.5	0.5	1
ERR1041530	1	1	1	0.25	1	1	1	1	0.5	1
ERR1041531	1	1	1	0.25	1	1	1	0.5	0.5	1
ERR1041532	1	1	1	0.25	0.5	1	1	0.5	0.25	1
ERR1041533	1	1	1	0.25	0.5	1	1	0.5	0.25	1
ERR1041534	1	1	1	0.25	0.5	1	1	0.5	0.25	1
ERR1041535	1	1	1	0.25	0.5	1	1	0.5	0.25	1
ERR1041536	1	1	1	0.25	1	1	1	0.5	0.5	1
ERR1041537	1	1	1	0.25	0.5	1	1	0.5	0.25	1
ERR1041538	1	1	1	0.25	1	1	1	0.5	0.5	1
ERR1041539	1	1	1	0.25	1	1	1	0.5	0.5	1
ERR1041540	1	1	1	0.25	1	1	1	0.5	0.5	1
ERR1041541	1	1	1	0.25	1	1	1	0.5	0.5	1
ERR1041542	1	1	1	0.25	1	1	1	0.5	0.5	1
ERR1041543	1	1	1	0.25	1	1	1	0.5	0.5	1
ERR1041544	1	1	1	0.25	1	1	1	0.5	0.5	1
ERR1041545	1	1	1	0.25	1	1	1	0.5	0.5	1
ERR1041546	1	1	1	0.25	1	1	1	0.5	0.5	1
ERR1041547	1	1	1	0.25	1	1	1	0.5	0.5	1
ERR1041548	1	1	1	0.25	1	1	1	0.25	0.5	1
ERR1041549	1	1	1	0.25	1	1	1	0.25	0.5	1
ERR1041550	1	1	1	0.25	1	1	1	0.25	0.5	1
ERR1041551	1	1	1	0.25	1	1	1	0.25	0.5	1
ERR1041552	1	1	1	0.25	1	1	1	0.25	0.5	1
ERR1041553	1	1	1	0.25	1	1	1	0.25	0.5	1
ERR1041554	1	1	1	0.25	1	1	1	0.5	0.5	1
ERR1041555	1	1	1	0.25	1	1	1	0.25	0.5	1
ERR1041556	1	1	1	0.25	1	1	1	0.25	0.5	1
ERR1041557	1	1	1	0.25	1	1	1	0.25	0.5	1
ERR1041558	1	1	1	0.25	0.5	1	1	0.25	0.25	1
ERR1041559	1	1	1	0.25	1	1	1	0.5	0.5	1
ERR1041560	1	1	1	0.25	1	1	1	0.5	0.5	1
ERR1041561	1	1	1	0.25	1	1	1	0.5	0.5	1
ERR1041562	1	1	1	0.25	1	1	1	0.5	0.5	1
ERR1041563	1	1	1	0.25	1	1	1	0.5	1	1
ERR1041564	1	1	1	0.25	1	1	1	0.5	0.5	1
ERR1041565	1	1	1	0.25	1	1	1	0.5	0.25	1
ERR1041566	1	1	1	0.25	1	1	1	0.5	1	1
ERR1041567	1	1	1	0.25	1	1	1	0.5	1	1
ERR1041568	1	1	1	0.25	1	1	1	0.5	0.5	1
ERR1041569	1	1	1	0.25	1	1	1	0.5	1	1
ERR1041570	1	1	1	0.25	1	1	1	0.25	1	1
ERR1041571	1	1	1	0.25	1	1	1	0.25	0.5	1
ERR1041572	1	1	1	0.25	1	1	1	0.25	1	1
ERR1041573	1	1	1	0.25	1	1	1	1	0.5	1
ERR1041574	1	1	1	0.25	1	1	1	0.5	0.5	1
ERR1041575	1	1	1	0.25	1	1	1	0.5	1	1
ERR1041576	1	1	1	0.25	1	1	1	0.25	0.5	1
ERR1041577	1	1	1	0.5	1	1	1	0.5	0.5	1
ERR1041578	1	1	1	0.25	1	1	1	0.5	0.5	1
ERR1041579	1	1	1	0.25	1	1	1	0.5	1	1
ERR1041580	1	1	1	0.25	1	1	1	0.25	1	1
ERR1041581	1	1	1	0.25	1	1	1	0.25	1	1
ERR1041582	1	1	1	0.25	1	1	1	0.25	1	1
ERR1041583	1	1	1	0.25	1	1	1	0.25	1	1
ERR1041584	1	1	1	0.25	1	1	1	0.5	1	1
ERR1041585	1	1	1	0.25	1	1	1	1	1	1
ERR1041586	1	1	1	0.25	0.5	1	1	0.5	0.5	1
ERR1041587	1	1	1	0.25	1	1	1	0.5	1	1
ERR1041588	1	1	1	0.5	1	1	1	0.5	0.5	1
ERR1041589	1	1	1	0.25	1	1	1	0.5	1	1
ERR1041590	1	1	1	0.25	1	1	1	1	1	1
ERR1041591	1	1	1	0.25	1	1	1	0.5	0.5	1
ERR1041592	1	1	1	0.5	1	1	1	0.5	0.5	1
ERR1041593	1	1	1	0.25	1	1	1	0.5	0.5	1
ERR1041594	1	1	1	0.25	1	1	1	0.5	1	1
ERR1041595	1	1	1	0.5	1	1	1	0.5	0.5	1
ERR1041596	1	1	1	0.5	1	1	1	0.5	0.5	1
ERR1041597	1	1	1	0.5	1	1	1	0.5	0.5	1
ERR1041598	1	1	1	0.25	1	1	1	0.25	0.5	1
ERR1041599	1	1	1	0.25	1	1	1	0.5	1	1
ERR1041600	1	1	1	0.25	1	1	1	0.5	1	1
ERR1041601	1	1	1	0.25	1	1	1	0.5	1	1
ERR1041602	1	1	1	0.25	1	1	1	0.5	1	1
ERR1041603	1	1	1	0.25	1	1	1	0.25	1	1
ERR1041604	1	1	1	0.25	1	1	1	1	1	1
ERR1041605	1	1	1	0.25	1	1	1	0.5	0.5	1
ERR1041606	1	1	1	0.25	1	1	1	0.5	0.5	1
ERR1041607	1	1	1	0.5	1	1	1	0.5	0.5	1
ERR1041608	1	1	1	0.5	1	1	1	0.5	0.5	1
ERR1041609	1	1	1	0.25	1	1	1	0.5	1	1
ERR1041610	1	1	1	0.25	1	1	1	0.5	0.5	1
ERR1041611	1	1	1	0.25	1	1	1	0.5	1	1
ERR1041612	1	1	1	0.5	1	1	1	0.5	0.5	1
ERR1041613	1	1	1	0.5	0.5	1	1	0.5	0.5	1
ERR1041614	1	1	1	0.25	0.5	1	1	0.25	0.5	1
ERR1041615	1	1	1	0.25	0.5	1	1	0.25	0.5	1
ERR1041616	1	1	1	0.25	0.5	1	1	0.25	0.5	1
ERR1041617	1	1	1	0.25	1	1	1	0.25	0.5	1
ERR1041618	1	1	1	0.25	1	1	1	0.25	0.5	1
ERR1041619	1	1	1	0.25	1	1	1	0.5	0.25	1
ERR1041620	1	1	1	0.25	0.25	1	1	0.25	0.25	1
ERR1041621	1	1	1	0.25	0.25	1	1	0.25	0.25	1
ERR1041622	1	1	1	0.25	0.25	1	1	0.25	0.25	1
ERR1041623	1	1	1	0.25	0.5	1	1	0.25	0.5	1
ERR1041624	1	1	1	0.25	0.5	1	1	0.25	0.5	1
ERR1041625	1	1	1	0.25	0.25	1	1	0.25	0.25	1
ERR1041626	1	1	1	0.25	0.25	1	1	0.25	0.25	1
ERR1041627	1	1	1	0.25	0.25	1	1	0.25	0.25	1
ERR1041628	1	1	1	0.25	0.25	1	1	0.25	0.25	1
ERR1041629	1	1	1	0.25	0.25	1	1	0.25	0.25	1
ERR1041630	1	1	1	0.25	0.25	1	1	0.25	0.25	1
ERR1041631	1	1	1	0.25	0.25	1	1	0.25	0.25	1
ERR1041632	1	1	1	0.25	0.25	1	1	0.25	0.25	1
ERR1041633	1	1	1	0.25	0.25	1	1	0.25	0.25	1
ERR1041634	1	1	1	0.25	0.25	1	1	0.25	0.25	1
ERR1041635	1	1	1	0.25	0.25	1	1	0.25	0.25	1
ERR1041636	1	1	1	0.25	0.25	1	1	0.25	0.25	1
ERR1041637	1	1	1	0.25	0.25	1	1	0.25	0.25	1
ERR1041638	1	1	1	0.25	0.25	1	1	0.25	0.25	1
ERR1041639	1	1	1	0.25	0.25	1	1	0.25	0.25	1
ERR1041640	1	1	1	0.25	0.25	1	1	0.25	0.25	1
ERR1041641	1	1	1	0.25	0.25	1	1	0.25	0.25	1
ERR1041642	1	1	1	0.25	0.25	1	1	0.25	0.25	1
ERR1041643	1	1	1	0.25	0.25	1	1	0.25	0.25	1
ERR1041644	1	1	1	0.25	0.25	1	1	0.25	0.25	1
ERR1041645	1	1	1	0.25	0.25	1	1	0.25	0.25	1
ERR1041646	1	1	1	0.25	0.25	1	1	0.25	0.25	1
ERR1041647	1	1	1	0.25	0.25	1	1	0.25	0.25	1
ERR1041648	1	1	1	0.25	0.25	1	1	0.25	0.25	1
ERR1041649	1	1	1	0.25	0.25	1	1	0.25	0.25	1
ERR1041650	1	1	1	0.25	0.25	1	1	0.25	0.25	1
ERR1041651	1	1	1	0.25	1	1	1	0.5	0.5	1
ERR1041652	1	1	1	0.25	0.5	1	1	0.5	0.25	1
ERR1041653	1	1	1	0.25	1	1	1	0.5	0.5	1
ERR1041654	1	1	1	0.25	1	1	1	0.25	0.5	1
ERR1041655	1	1	1	0.25	1	1	1	0.5	0.5	1
ERR1041656	1	1	1	0.25	1	1	1	0.5	0.5	1
ERR1041657	1	1	1	0.25	1	1	1	0.25	0.25	1
ERR1041658	1	1	1	0.25	1	1	1	0.25	0.5	1
ERR1041659	1	1	1	0.25	1	1	1	0.25	0.25	1
ERR1041660	1	1	1	0.25	1	1	1	0.25	0.5	1
ERR1041661	1	1	1	0.25	1	1	1	0.25	0.5	1
ERR1041662	1	1	1	0.25	1	1	1	0.25	0.5	1
ERR1041663	1	1	1	0.25	1	1	1	0.5	0.5	1
ERR1041664	1	1	1	0.25	1	1	1	0.5	0.5	1
ERR1041665	1	1	1	0.25	1	1	1	0.5	0.5	1
ERR1041666	1	1	1	0.25	1	1	1	0.5	0.5	1
ERR1041667	1	1	1	0.25	1	1	1	0.25	0.5	1
ERR1041668	1	1	1	0.25	1	1	1	0.5	0.5	1
ERR1041669	1	1	1	0.25	1	1	1	0.25	0.5	1
ERR1041670	1	1	1	0.25	1	1	1	0.5	0.5	1
ERR1041671	1	1	1	0.25	1	1	1	0.5	0.5	1
ERR1041672	1	1	1	0.25	1	1	1	0.5	0.5	1
ERR1041673	1	1	1	0.25	1	1	1	0.25	0.5	1
ERR1041674	1	1	1	0.25	1	1	1	0.5	0.5	1
ERR1041675	1	1	1	0.25	1	1	1	0.25	0.5	1
ERR1041676	1	1	1	0.25	0.5	1	1	0.25	0.25	1
ERR1041677	1	1	1	0.25	1	1	1	0.25	0.5	1
ERR1041678	1	1	1	0.25	1	1	1	0.25	0.25	1
ERR1041679	1	1	1	0.25	0.5	1	1	0.25	0.5	1
ERR1041680	1	1	1	0.5	0.5	1	1	0.25	0.5	1
ERR1041681	1	1	1	0.5	0.25	1	1	0.25	0.25	1
ERR1041682	1	1	1	0.5	1	1	1	0.25	0.5	1
ERR1041683	1	1	1	0.5	1	1	1	1	0.5	1
ERR1041684	1	1	1	0.5	0.25	1	1	0.25	0.25	1
ERR1041685	1	1	1	0.5	1	1	1	0.25	0.5	1
ERR1041686	1	1	1	0.5	0.5	1	1	0.25	0.25	1
ERR1041687	1	1	1	0.25	0.25	1	1	0.25	0.25	1
ERR1041688	1	1	1	0.5	0.5	1	1	0.25	0.5	1
ERR1041689	1	1	1	0.5	1	1	1	0.25	0.5	1
ERR1041690	1	1	1	0.5	0.5	1	1	0.25	0.5	1
ERR1041691	1	1	1	0.5	0.25	1	1	0.25	0.25	1
ERR1041692	1	1	1	0.5	0.25	1	1	0.25	0.25	1
ERR1041693	1	1	1	0.5	0.25	1	1	0.25	0.25	1
ERR1041694	1	1	1	0.25	0.25	1	1	0.25	0.25	1
ERR1041695	1	1	1	0.5	0.25	1	1	0.25	0.25	1
ERR1041696	1	1	1	0.25	0.25	1	1	0.25	0.25	1
ERR1041697	1	1	1	0.5	0.25	1	1	0.25	0.5	1
ERR1041698	1	1	1	0.5	0.25	1	1	0.5	0.5	1
ERR1041699	1	1	1	0.25	0.5	1	1	0.25	0.5	1
ERR1041700	1	1	1	0.5	0.5	1	1	0.25	0.5	1
ERR1041701	1	1	1	0.25	0.5	1	1	0.25	0.5	1
ERR1041702	1	1	1	0.25	1	1	1	0.25	0.5	1
ERR1041703	1	1	1	0.25	0.25	1	1	0.25	0.25	1
ERR1041704	1	1	1	0.25	0.25	1	1	0.25	0.25	1
ERR1041705	1	1	1	0.5	0.25	1	1	0.25	0.25	1
ERR1041706	1	1	1	0.5	0.25	1	1	0.25	0.25	1
ERR1041707	1	1	1	0.5	0.25	1	1	0.25	0.25	1
ERR1041708	1	1	1	0.25	1	1	1	0.25	0.5	1
ERR1041709	1	1	1	0.5	0.25	1	1	0.25	0.5	1
ERR1041710	1	1	1	0.25	0.25	1	1	0.25	0.25	1
ERR1041711	1	1	1	0.25	0.25	1	1	0.25	0.25	1
ERR1041712	1	1	1	0.5	0.5	1	1	0.25	0.5	1
ERR1041713	1	1	1	0.5	0.25	1	1	0.25	0.25	1
ERR1041714	1	1	1	0.25	0.25	1	1	0.25	0.25	1
ERR1041715	1	1	1	0.5	0.25	1	1	0.25	0.5	1
ERR1041716	1	1	1	0.25	0.25	1	1	0.25	0.25	1
ERR1041717	1	1	1	0.5	0.25	1	1	0.25	0.5	1
ERR1041718	1	1	1	0.25	1	1	1	0.25	0.5	1
ERR1041719	1	1	1	0.25	0.5	1	1	1	0.25	1
ERR1041720	1	1	1	0.25	1	1	1	0.5	0.5	1
ERR1041721	1	1	1	0.25	0.5	1	1	0.5	0.25	1
ERR1041722	1	1	1	0.25	1	1	1	0.5	0.5	1
ERR1041723	1	1	1	0.25	1	1	1	0.25	0.5	1
ERR1041724	1	1	1	0.25	1	1	1	0.25	0.5	1
ERR1041725	1	1	1	0.25	0.25	1	1	0.5	0.25	1
ERR1041726	1	1	1	0.25	0.25	1	1	0.25	0.25	1
ERR1041727	1	1	1	0.25	0.25	1	1	0.25	0.25	1
ERR1041728	1	1	1	0.25	1	1	1	0.5	0.5	1
ERR1041729	1	1	1	0.25	0.25	1	1	0.25	0.25	1
ERR1041730	1	1	1	0.25	0.25	1	1	0.25	0.25	1
ERR1041731	1	1	1	0.25	0.25	1	1	0.25	0.25	1
ERR1041732	1	1	1	0.25	0.5	1	1	0.25	0.25	1
ERR1041733	1	1	1	0.25	0.25	1	1	0.25	0.25	1
ERR1041734	1	1	1	0.5	0.25	1	1	0.25	0.25	1
ERR1041735	1	1	1	0.25	0.25	1	1	0.25	0.25	1
ERR1041736	1	1	1	0.25	0.25	1	1	0.25	0.25	1
ERR1041737	1	1	1	0.25	0.5	1	1	0.25	0.5	1
ERR1041738	1	1	1	0.25	0.5	1	1	0.25	0.5	1
ERR1041739	1	1	1	0.25	0.25	1	1	0.25	0.25	1
ERR1041740	1	1	1	0.25	0.25	1	1	0.25	0.25	1
ERR1041741	1	1	1	0.25	0.5	1	1	0.25	0.5	1
ERR1041742	1	1	1	0.25	0.5	1	1	0.25	0.5	1
ERR1041743	1	1	1	0.25	0.5	1	1	0.25	0.5	1
ERR1041744	1	1	1	0.25	0.5	1	1	0.5	0.5	1
ERR1041745	1	1	1	0.25	0.5	1	1	0.25	0.25	1
ERR1041746	1	1	1	0.25	1	1	1	0.25	0.5	1
ERR1041747	1	1	1	0.25	1	1	1	0.25	0.5	1
ERR1041748	1	1	1	0.25	1	1	1	0.25	0.5	1
ERR1041749	1	1	1	0.25	0.25	1	1	0.25	0.25	1
ERR1041750	1	1	1	0.25	0.25	1	1	0.25	0.25	1
ERR1041751	1	1	1	0.25	1	1	1	0.5	0.5	1
ERR1041752	1	1	1	0.25	1	1	1	0.5	0.5	1
ERR1041753	1	1	1	0.25	0.5	1	1	0.5	0.25	1
ERR1041754	1	1	1	0.25	1	1	1	0.5	0.5	1
ERR1041755	1	1	1	0.25	1	1	1	0.5	0.5	1
ERR1041756	1	1	1	0.25	1	1	1	1	0.5	1
ERR1041757	1	1	1	0.25	0.5	1	1	0.5	0.25	1
ERR1041758	1	1	1	0.25	1	1	1	0.5	0.5	1
ERR1041759	1	1	1	0.25	1	1	1	0.25	0.5	1
ERR1041760	1	1	1	0.25	1	1	1	0.5	0.5	1
ERR1041761	1	1	1	0.25	1	1	1	0.5	0.5	1
ERR1041762	1	1	1	0.25	0.5	1	1	0.5	0.25	1
ERR1041763	1	1	1	0.25	0.25	1	1	0.25	0.25	1
ERR1041764	1	1	1	0.25	1	1	1	0.5	0.5	1
ERR1041765	1	1	1	0.25	1	1	1	0.5	0.5	1
ERR1041766	1	1	1	0.25	1	1	1	0.25	0.5	1
ERR1041767	1	1	1	0.25	1	1	1	0.25	0.5	1
ERR1041768	1	1	1	0.25	1	1	1	0.25	0.5	1
ERR1041769	1	1	1	0.25	1	1	1	0.25	0.5	1
ERR1041770	1	1	1	0.25	1	1	1	0.5	0.5	1
ERR1041771	1	1	1	0.25	1	1	1	0.25	0.5	1
ERR1041772	1	1	1	0.25	1	1	1	0.25	0.5	1
ERR1041773	1	1	1	0.25	1	1	1	0.25	0.5	1
ERR1041774	1	1	1	0.25	1	1	1	0.5	0.5	1
ERR1041775	1	1	1	0.25	1	1	1	0.25	0.5	1
ERR1041776	1	1	1	0.25	1	1	1	0.25	0.5	1
ERR1041777	1	1	1	0.25	0.5	1	1	0.25	0.25	1
ERR1041778	1	1	1	0.25	1	1	1	0.5	0.5	1
ERR1041779	1	1	1	0.25	1	1	1	0.25	0.5	1
ERR1041780	1	1	1	0.25	1	1	1	0.5	0.5	1
ERR1041781	1	1	1	0.25	1	1	1	0.25	0.5	1
ERR1041782	1	1	1	0.25	1	1	1	0.25	0.5	1
ERR1041783	1	1	1	0.25	1	1	1	0.25	0.25	1
ERR1041784	1	1	1	0.25	1	1	1	0.25	0.5	1
ERR1041785	1	1	1	0.25	1	1	1	0.25	0.5	1
ERR1041786	1	1	1	0.25	1	1	1	0.25	0.5	1
ERR1041787	1	1	1	0.25	1	1	1	0.25	0.5	1
ERR1041788	1	1	1	0.25	1	1	1	0.25	0.5	1
ERR1041789	1	1	1	0.25	1	1	1	0.25	0.5	1
ERR1041790	1	1	1	0.25	1	1	1	0.25	0.5	1
ERR1041791	1	1	1	0.25	1	1	1	0.25	0.5	1
ERR1041792	1	1	1	0.25	1	1	1	0.25	0.5	1
ERR1041793	1	1	1	0.25	1	1	1	0.25	0.5	1
ERR1041794	1	1	1	0.25	1	1	1	0.25	0.5	1
ERR1041795	1	1	1	0.25	1	1	1	0.25	0.5	1
ERR1041796	1	1	1	0.25	1	1	1	0.25	0.5	1
ERR1041797	1	1	1	0.25	1	1	1	0.25	0.5	1
ERR1041798	1	1	1	0.25	0.5	1	1	0.25	0.5	1
ERR1041799	1	1	1	0.25	1	1	1	0.25	0.5	1
ERR1041800	1	1	1	0.25	1	1	1	0.5	1	1
ERR1041801	1	1	1	0.25	0.5	1	1	0.5	0.5	1
ERR1041802	1	1	1	0.25	1	1	1	0.25	1	1
ERR1041803	1	1	1	0.25	1	1	1	0.5	1	1
ERR1041804	1	1	1	0.25	1	1	1	0.5	1	1
ERR1041805	1	1	1	0.25	0.5	1	1	1	0.5	1
ERR1041806	1	1	1	0.25	1	1	1	0.5	1	1
ERR1041807	1	1	1	0.25	1	1	1	0.5	1	1
ERR1041808	1	1	1	0.25	1	1	1	0.25	0.5	1
ERR1041809	1	1	1	0.25	1	1	1	0.5	0.5	1
ERR1041810	1	1	1	0.25	1	1	1	0.25	0.5	1
ERR1041811	1	1	1	0.25	1	1	1	0.25	0.5	1
ERR1041812	1	1	1	0.25	0.5	1	1	0.5	1	1
ERR1041813	1	1	1	0.25	0.5	1	1	1	0.5	1
ERR1041814	1	1	1	0.25	1	1	1	0.25	0.5	1
ERR1041815	1	1	1	0.25	0.5	1	1	0.25	0.5	1
ERR1041816	1	1	1	0.25	0.5	1	1	0.25	0.25	1
ERR1041817	1	1	1	0.25	1	1	1	0.25	0.5	1
ERR1041818	1	1	1	0.25	1	1	1	0.25	0.5	1
ERR1041819	1	1	1	0.25	1	1	1	0.25	0.5	1
ERR1041820	1	1	1	0.25	1	1	1	0.25	0.5	1
ERR1041821	1	1	1	0.25	1	1	1	0.5	1	1
ERR1041822	1	1	1	0.25	1	1	1	0.5	1	1
ERR1041823	1	1	1	0.25	1	1	1	0.5	1	1
ERR1041824	1	1	1	0.25	1	1	1	0.25	1	1
ERR1041825	1	1	1	0.25	1	1	1	0.25	1	1
ERR1041826	1	1	1	0.25	1	1	1	0.25	1	1
ERR1041827	1	1	1	0.25	1	1	1	0.25	0.5	1
ERR1041828	1	1	1	0.25	1	1	1	0.25	0.5	1
ERR1041829	1	1	1	0.25	1	1	1	0.5	1	1
ERR1041830	1	1	1	0.25	1	1	1	0.5	1	1
ERR1041831	1	1	1	0.25	1	1	1	0.5	1	1
ERR1041832	1	1	1	0.25	1	1	1	0.5	1	1
ERR1041833	1	1	1	0.25	1	1	1	0.5	1	1
ERR1041834	1	1	1	0.25	0.5	1	1	0.5	1	1
ERR1041835	1	1	1	0.25	1	1	1	0.5	1	1
ERR1041836	1	1	1	0.25	1	1	1	0.25	0.5	1
ERR1041837	1	1	1	0.25	1	1	1	0.25	1	1
ERR1041838	1	1	1	0.25	1	1	1	0.25	1	1
ERR1041839	1	1	1	0.25	1	1	1	0.25	1	1
ERR1041840	1	1	1	0.25	1	1	1	0.25	0.5	1
ERR1041841	1	1	1	0.25	1	1	1	0.25	0.5	1
ERR1041842	1	1	1	0.25	1	1	1	1	1	1
ERR1041843	1	1	1	0.25	1	1	1	0.25	0.5	1
ERR1041844	1	1	1	0.25	1	1	1	0.25	1	1
ERR1041845	1	1	1	0.25	1	1	1	0.25	1	1
ERR1041846	1	1	1	0.25	1	1	1	0.25	0.5	1
ERR1041847	1	1	1	0.25	1	1	1	0.5	0.5	1
ERR1041848	1	1	1	0.25	1	1	1	0.25	0.5	1
ERR1041849	1	1	1	0.25	1	1	1	0.25	0.5	1
ERR1041850	1	1	1	0.25	1	1	1	0.25	0.5	1
ERR1041851	1	1	1	0.25	1	1	1	0.5	0.5	1
ERR1041852	1	1	1	0.25	1	1	1	0.25	0.5	1
ERR1041853	1	1	1	0.25	0.5	1	1	0.5	0.5	1
ERR1041854	1	1	1	0.25	0.5	1	1	0.5	0.5	1
ERR1041855	1	1	1	0.25	0.5	1	1	1	0.5	1
ERR1041856	1	1	1	0.25	1	1	1	0.5	1	1
ERR1041857	1	1	1	0.25	1	1	1	0.25	0.5	1
ERR1041858	1	1	1	0.25	1	1	1	0.5	0.5	1
ERR1041859	1	1	1	0.25	1	1	1	0.25	0.5	1
ERR1041860	1	1	1	0.25	1	1	1	0.25	0.5	1
ERR1041861	1	1	1	0.25	1	1	1	0.25	0.5	1
ERR1041862	1	1	1	0.25	0.5	1	1	0.5	0.5	1
ERR1041863	1	1	1	0.25	1	1	1	0.25	0.5	1
ERR1041864	1	1	1	0.25	1	1	1	0.25	0.5	1
ERR1041865	1	1	1	0.25	0.5	1	1	0.25	0.5	1
ERR1041866	1	1	1	0.25	0.5	1	1	0.5	0.5	1
ERR1041867	1	1	1	0.25	1	1	1	0.25	1	1
ERR1041868	1	1	1	0.25	1	1	1	0.25	0.5	1
ERR1041869	1	1	1	0.25	1	1	1	0.25	0.5	1
ERR1041870	1	1	1	0.25	1	1	1	0.25	1	1
ERR1041871	1	1	1	0.25	1	1	1	0.25	0.5	1
ERR1041872	1	1	1	0.25	1	1	1	1	1	1
ERR1041873	1	1	1	0.25	1	1	1	0.25	0.5	1
ERR1041874	1	1	1	0.25	0.5	1	1	0.5	0.5	1
ERR1041875	1	1	1	0.25	1	1	1	0.25	0.5	1
ERR1041876	1	1	1	0.25	0.5	1	1	0.25	0.5	1
ERR1041877	1	1	1	0.25	1	1	1	0.25	0.5	1
ERR1041878	1	1	1	0.25	0.5	1	1	0.25	0.5	1
ERR1041879	1	1	1	0.25	0.5	1	1	1	0.5	1
ERR1041880	1	1	1	0.25	1	1	1	0.25	0.5	1
ERR1041881	1	1	1	0.25	1	1	1	0.25	0.5	1
ERR1041882	1	1	1	0.25	1	1	1	0.25	0.5	1
ERR1041883	1	1	1	0.25	1	1	1	0.25	0.5	1
ERR1041884	1	1	1	0.25	1	1	1	0.25	0.5	1
ERR1041885	1	1	1	0.25	1	1	1	0.25	0.5	1
ERR1041886	1	1	1	0.25	1	1	1	0.25	0.5	1
ERR1041887	1	1	1	0.25	0.5	1	1	0.25	0.5	1
ERR1041888	1	1	1	0.25	0.5	1	1	0.5	0.5	1
ERR1041889	1	1	1	0.25	0.5	1	1	0.5	0.5	1
ERR1041890	1	1	1	0.25	0.5	1	1	0.25	0.5	1
ERR1041891	1	1	1	0.25	1	1	1	0.5	0.5	1
ERR1041892	1	1	1	0.25	1	1	1	0.5	0.5	1
ERR1041893	1	1	1	0.25	0.5	1	1	0.5	0.5	1
ERR1041894	1	1	1	0.25	0.5	1	1	0.5	0.5	1
ERR1041895	1	1	1	0.25	1	1	1	0.5	0.5	1
ERR1041896	1	1	1	0.25	1	1	1	0.5	0.5	1
ERR1041897	1	1	1	0.25	1	1	1	0.25	0.5	1
ERR1041898	1	1	1	0.25	1	1	1	0.25	0.5	1
ERR1041899	1	1	1	0.25	1	1	1	0.5	0.5	1
ERR1041900	1	1	1	0.25	1	1	1	0.25	0.5	1
ERR1041901	1	1	1	0.25	1	1	1	0.25	0.5	1
ERR1041902	1	1	1	0.25	1	1	1	0.25	0.5	1
ERR1041903	1	1	1	0.25	1	1	1	0.25	0.5	1
ERR1041904	1	1	1	0.25	1	1	1	0.25	0.5	1
ERR1041905	1	1	1	0.25	1	1	1	0.25	0.5	1
ERR1041906	1	1	1	0.25	0.25	1	1	0.25	0.5	1
ERR1041907	1	1	1	0.25	1	1	1	0.25	0.5	1
ERR1041908	1	1	1	0.25	1	1	1	0.25	0.5	1
ERR1041909	1	1	1	0.25	0.25	1	1	0.25	0.5	1
ERR1041910	1	1	1	0.25	1	1	1	0.25	0.5	1
ERR1041911	1	1	1	0.25	1	1	1	0.25	0.5	1
ERR1041912	1	1	1	0.25	0.25	1	1	0.25	0.25	1
ERR1041913	1	1	1	0.25	0.25	1	1	0.25	0.25	1
ERR1041914	1	1	1	0.25	1	1	1	0.25	0.5	1
ERR1041915	1	1	1	0.25	0.25	1	1	0.25	0.5	1
ERR1041916	1	1	1	0.25	0.25	1	1	0.25	0.5	1
ERR1041917	1	1	1	0.25	0.5	1	1	0.25	0.5	1
ERR1041918	1	1	1	0.25	1	1	1	0.25	0.5	1
ERR1041919	1	1	1	0.25	0.5	1	1	0.25	0.5	1
ERR1041920	1	1	1	0.25	1	1	1	0.5	0.5	1
ERR1041921	1	1	1	0.25	1	1	1	0.5	0.5	1
ERR1041922	1	1	1	0.25	1	1	1	0.5	0.5	1
ERR1041923	1	1	1	0.25	1	1	1	0.25	0.5	1
ERR1041924	1	1	1	0.25	1	1	1	0.5	0.5	1
ERR1041925	1	1	1	0.25	1	1	1	0.5	0.5	1
ERR1041926	1	1	1	0.25	1	1	1	0.5	0.5	1
ERR1041927	1	1	1	0.25	1	1	1	0.5	0.5	1
ERR1041928	1	1	1	0.25	1	1	1	0.5	0.5	1
ERR1041929	1	1	1	0.25	1	1	1	0.25	0.5	1
ERR1041930	1	1	1	0.25	1	1	1	0.5	0.5	1
ERR1041931	1	1	1	0.25	1	1	1	0.5	0.5	1
ERR1041932	1	1	1	0.25	1	1	1	0.5	0.5	1
ERR1041933	1	1	1	0.25	1	1	1	0.5	1	1
ERR1041934	1	1	1	0.25	1	1	1	0.5	1	1
ERR1041935	1	1	1	0.25	1	1	1	0.25	0.5	1
ERR1041936	1	1	1	0.25	1	1	1	0.25	0.5	1
ERR1041937	1	1	1	0.25	1	1	1	0.25	0.5	1
ERR1041938	1	1	1	0.25	1	1	1	0.25	0.5	1
ERR1041939	1	1	1	0.25	1	1	1	0.25	1	1
ERR1041940	1	1	1	0.25	1	1	1	0.5	0.5	1
ERR1041941	1	1	1	0.25	1	1	1	0.5	0.5	1
ERR1041942	1	1	1	0.25	1	1	1	0.25	0.5	1
ERR1041943	1	1	1	0.25	1	1	1	0.25	0.5	1
ERR1041944	1	1	1	0.25	1	1	1	0.25	0.5	1
ERR1041945	1	1	1	0.25	1	1	1	0.5	0.5	1
ERR1041946	1	1	1	0.25	1	1	1	0.5	0.5	1
ERR1041947	1	1	1	0.25	0.5	1	1	0.25	0.5	1
ERR1041948	1	1	1	0.25	1	1	1	0.25	0.5	1
ERR1041949	1	1	1	0.25	1	1	1	0.25	0.5	1
ERR1041950	1	1	1	0.25	1	1	1	0.5	0.5	1
ERR1041951	1	1	1	0.25	1	1	1	0.5	0.5	1
ERR1041952	1	1	1	0.25	0.5	1	1	0.25	0.25	1
ERR1041953	1	1	1	0.25	1	1	1	0.25	0.5	1
ERR1041954	1	1	1	0.25	0.5	1	1	0.25	0.25	1
ERR1041955	1	1	1	0.25	1	1	1	0.25	0.5	1
ERR1041956	1	1	1	0.25	1	1	1	0.25	0.5	1
ERR1041957	1	1	1	0.25	1	1	1	0.25	0.5	1
ERR1041958	1	1	1	0.25	0.5	1	1	0.25	0.5	1
ERR1041959	1	1	1	0.25	1	1	1	0.25	0.5	1
ERR1041960	1	1	1	0.25	1	1	1	0.25	0.5	1
ERR1041961	1	1	1	0.25	1	1	1	0.25	0.5	1
ERR1041962	1	1	1	0.25	1	1	1	0.25	0.5	1
ERR1041963	1	1	1	0.25	1	1	1	0.25	0.5	1
ERR1041964	1	1	1	0.25	0.5	1	1	0.5	0.25	1
ERR1041965	1	1	1	0.25	0.25	1	1	0.25	0.25	1
ERR1041966	1	1	1	0.25	0.5	1	1	0.25	0.5	1
ERR1041967	1	1	1	0.25	1	1	1	0.5	0.5	1
ERR1041968	1	1	1	0.25	1	1	1	0.5	0.5	1
ERR1041969	1	1	1	0.25	1	1	1	1	0.5	1
ERR1041970	1	1	1	0.25	1	1	1	0.5	0.5	1
ERR1041971	1	1	1	0.25	1	1	1	0.5	0.5	1
ERR1041972	1	1	1	0.25	1	1	1	0.5	0.5	1
ERR1041973	1	1	1	0.25	1	1	1	0.5	0.5	1
ERR1041974	1	1	1	0.25	1	1	1	0.5	0.5	1
ERR1041975	1	1	1	0.25	1	1	1	0.5	0.5	1
ERR1041976	1	1	1	0.25	1	1	1	0.5	0.5	1
ERR1041977	1	1	1	0.5	1	1	1	0.5	0.5	1
ERR1041978	1	1	1	0.5	1	1	1	0.5	0.5	1
ERR1041979	1	1	1	0.5	1	1	1	0.5	0.5	1
ERR1041980	1	1	1	0.25	1	1	1	0.5	1	1
ERR1041981	1	1	1	0.25	1	1	1	0.5	0.5	1
ERR1041982	1	1	1	0.25	1	1	1	0.5	0.5	1
ERR1041983	1	1	1	0.5	1	1	1	0.25	0.5	1
ERR1041984	1	1	1	0.5	1	1	1	0.5	0.5	1
ERR1041985	1	1	1	0.25	1	1	1	0.25	0.5	1
ERR1041986	1	1	1	0.25	1	1	1	0.25	1	1
ERR1041987	1	1	1	0.25	1	1	1	0.5	0.5	1
ERR1041988	1	1	1	0.25	1	1	1	0.5	0.5	1
ERR1041989	1	1	1	0.25	1	1	1	0.5	0.5	1
ERR1041990	1	1	1	0.25	1	1	1	0.5	0.5	1
ERR1041991	1	1	1	0.25	0.5	1	1	0.25	0.5	1
ERR1041992	1	1	1	0.25	1	1	1	0.25	0.5	1
ERR1041993	1	1	1	0.25	0.5	1	1	0.25	0.25	1
ERR1041994	1	1	1	0.25	0.5	1	1	0.25	0.5	1
ERR1041995	1	1	1	0.25	0.5	1	1	0.25	0.5	1
ERR1041996	1	1	1	0.25	0.5	1	1	0.25	0.5	1
ERR1041997	1	1	1	0.25	1	1	1	0.25	0.5	1
ERR1041998	1	1	1	0.25	1	1	1	0.25	0.5	1
ERR1041999	1	1	1	0.25	0.5	1	1	0.25	0.5	1
ERR1042000	1	1	1	0.25	0.5	1	1	0.25	0.5	1
ERR1042001	1	1	1	0.25	1	1	1	0.25	0.5	1
ERR1042002	1	1	1	0.25	0.5	1	1	0.25	0.5	1
ERR1042003	1	1	1	0.25	0.5	1	1	0.25	0.5	1
ERR1042004	1	1	1	0.25	1	1	1	0.25	0.5	1
ERR1042005	1	1	1	0.25	1	1	1	0.25	0.5	1
ERR1042006	1	1	1	0.25	1	1	1	0.25	0.5	1
ERR1042007	1	1	1	0.25	1	1	1	0.25	0.5	1
ERR1042008	1	1	1	0.25	0.5	1	1	0.25	0.25	1
ERR1042009	1	1	1	0.25	1	1	1	0.5	0.5	1
ERR1042010	1	1	1	0.25	1	1	1	0.25	0.5	1
ERR1042011	1	1	1	0.25	1	1	1	0.25	0.5	1
ERR1042012	1	1	1	0.25	1	1	1	0.5	0.5	1
ERR1042013	1	1	1	0.25	1	1	1	0.5	0.5	1
ERR1042014	1	1	1	0.25	1	1	1	0.5	0.5	1
ERR1042015	1	1	1	0.25	0.25	1	1	0.5	0.25	1
ERR1042016	1	1	1	0.25	1	1	1	0.5	0.5	1
ERR1042017	1	1	1	0.25	1	1	1	0.5	0.5	1
ERR1042018	1	1	1	0.25	1	1	1	0.5	0.5	1
ERR1042019	1	1	1	0.25	1	1	1	0.5	0.5	1
ERR1042020	1	1	1	0.25	1	1	1	0.5	0.5	1
ERR1042021	1	1	1	0.25	1	1	1	0.5	0.5	1
ERR1042022	1	1	1	0.25	1	1	1	0.5	0.5	1
ERR1042023	1	1	1	0.25	0.5	1	1	0.5	0.25	1
ERR1042024	1	1	1	0.25	1	1	1	0.5	0.25	1
ERR1042025	1	1	1	0.25	1	1	1	0.5	0.25	1
ERR1042026	1	1	1	0.25	1	1	1	0.25	0.5	1
ERR1042027	1	1	1	0.25	0.5	1	1	0.25	0.25	1
ERR1042028	1	1	1	0.25	1	1	1	0.5	0.5	1
ERR1042029	1	1	1	0.25	1	1	1	0.5	0.5	1
ERR1042030	1	1	1	0.25	1	1	1	0.25	0.5	1
ERR1042031	1	1	1	0.25	1	1	1	0.25	0.5	1
ERR1042032	1	1	1	0.25	1	1	1	0.25	0.5	1
ERR1042033	1	1	1	0.25	1	1	1	0.5	1	1
ERR1042034	1	1	1	0.25	1	1	1	0.5	0.5	1
ERR1042035	1	1	1	0.25	1	1	1	0.5	0.5	1
ERR1042036	1	1	1	0.25	1	1	1	0.5	0.5	1
ERR1042037	1	1	1	0.25	1	1	1	0.5	0.5	1
ERR1042038	1	1	1	0.25	1	1	1	0.5	0.5	1
ERR1042039	1	1	1	0.25	1	1	1	0.5	0.5	1
ERR1042040	1	1	1	0.25	1	1	1	0.5	0.5	1
ERR1042041	1	1	1	0.25	1	1	1	0.25	0.5	1
ERR1042042	1	1	1	0.25	1	1	1	0.5	0.5	1
ERR1042043	1	1	1	0.25	1	1	1	0.5	0.5	1
ERR1042044	1	1	1	0.25	1	1	1	0.5	0.5	1
ERR1042045	1	1	1	0.25	1	1	1	0.5	0.5	1
ERR1042046	1	1	1	0.25	1	1	1	1	0.5	1
ERR1042047	1	1	1	0.25	1	1	1	0.5	0.5	1
ERR1042048	1	1	1	0.25	1	1	1	0.5	0.5	1
ERR1042049	1	1	1	0.25	1	1	1	0.5	0.5	1
ERR1042050	1	1	1	0.25	1	1	1	0.25	0.5	1
ERR1042051	1	1	1	0.25	1	1	1	0.5	0.25	1
ERR1042052	1	1	1	0.25	1	1	1	0.5	0.5	1
ERR1042053	1	1	1	0.25	1	1	1	0.25	0.5	1
ERR1042054	1	1	1	0.25	1	1	1	0.5	0.5	1
ERR1042055	1	1	1	0.25	1	1	1	1	0.5	1
ERR1042056	1	1	1	0.25	1	1	1	0.5	0.25	1
ERR1042057	1	1	1	0.25	0.5	1	1	0.25	0.25	1
ERR1042058	1	1	1	0.25	1	1	1	0.25	0.5	1
ERR1042059	1	1	1	0.25	1	1	1	0.5	0.5	1
ERR1042060	1	1	1	0.25	1	1	1	0.25	0.5	1
ERR1042061	1	1	1	0.25	1	1	1	0.25	0.5	1
ERR1042062	1	1	1	0.25	1	1	1	0.25	0.5	1
ERR1042063	1	1	1	0.25	1	1	1	0.25	0.5	1
ERR1042064	1	1	1	0.25	1	1	1	0.5	0.5	1
ERR1042065	1	1	1	0.25	0.5	1	1	0.5	0.25	1
ERR1042066	1	1	1	0.25	1	1	1	0.5	0.5	1
ERR1042067	1	1	1	0.25	1	1	1	0.5	0.5	1
ERR1042068	1	1	1	0.25	0.5	1	1	0.5	0.25	1
ERR1042069	1	1	1	0.25	1	1	1	0.5	0.5	1
ERR1042070	1	1	1	0.25	1	1	1	0.5	0.5	1
ERR1042071	1	1	1	0.25	1	1	1	0.5	0.5	1
ERR1042072	1	1	1	0.25	1	1	1	0.5	0.5	1
ERR1042073	1	1	1	0.25	1	1	1	0.25	0.5	1
ERR1042074	1	1	1	0.25	1	1	1	0.25	0.25	1
ERR1042075	1	1	1	0.25	1	1	1	0.25	0.25	1
ERR1042076	1	1	1	0.25	1	1	1	0.5	0.5	1
ERR1042077	1	1	1	0.25	1	1	1	0.25	0.5	1
ERR1042078	1	1	1	0.25	0.5	1	1	0.25	0.25	1
ERR1042079	1	1	1	0.25	1	1	1	0.25	0.25	1
ERR1042080	1	1	1	0.25	1	1	1	0.5	0.5	1
ERR1042081	1	1	1	0.25	1	1	1	0.25	0.5	1
ERR1042082	1	1	1	0.25	1	1	1	0.5	0.5	1
ERR1042083	1	1	1	0.25	1	1	1	0.25	0.5	1
ERR1042084	1	1	1	0.25	1	1	1	0.5	0.5	1
ERR1042085	1	1	1	0.25	1	1	1	0.25	0.5	1
ERR1042086	1	1	1	0.25	1	1	1	0.5	0.5	1
ERR1042087	1	1	1	0.25	1	1	1	0.5	0.5	1
ERR1042088	1	1	1	0.25	0.5	1	1	0.5	0.25	1
ERR1042089	1	1	1	0.25	1	1	1	0.25	0.5	1
ERR1042090	1	1	1	0.25	1	1	1	0.25	0.5	1
ERR1042091	1	1	1	0.25	1	1	1	0.25	0.5	1
ERR1042092	1	1	1	0.25	1	1	1	0.5	0.5	1
ERR1042093	1	1	1	0.25	1	1	1	0.5	0.5	1
ERR1042094	1	1	1	0.25	1	1	1	0.25	0.5	1
ERR1042095	1	1	1	0.25	1	1	1	0.5	0.5	1
ERR1042096	1	1	1	0.25	1	1	1	0.25	0.5	1
ERR1042097	1	1	1	0.25	1	1	1	0.5	0.5	1
ERR1042098	1	1	1	0.25	1	1	1	0.5	0.5	1
ERR1042099	1	1	1	0.25	1	1	1	0.5	0.5	1
ERR1042100	1	1	1	0.25	1	1	1	0.25	0.5	1
ERR1042101	1	1	1	0.25	1	1	1	0.25	0.5	1
ERR1042102	1	1	1	0.25	1	1	1	0.25	0.5	1
ERR1042103	1	1	1	0.25	1	1	1	0.5	0.5	1
ERR1042104	1	1	1	0.25	1	1	1	0.5	0.5	1
ERR1042105	1	1	1	0.25	1	1	1	0.5	0.5	1
ERR1042106	1	1	1	0.25	1	1	1	0.5	0.5	1
ERR1042107	1	1	1	0.25	1	1	1	1	0.25	1
ERR1042108	1	1	1	0.25	1	1	1	0.25	0.5	1
ERR1042109	1	1	1	0.25	0.5	1	1	0.5	0.25	1
ERR1042110	1	1	1	0.25	1	1	1	0.25	0.5	1
ERR1042111	1	1	1	0.25	1	1	1	0.5	0.5	1
ERR1042112	1	1	1	0.25	0.5	1	1	0.5	0.25	1
ERR1042113	1	1	1	0.25	1	1	1	0.25	0.5	1
ERR1042114	1	1	1	0.25	1	1	1	0.25	0.5	1
ERR1042115	1	1	1	0.25	1	1	1	0.5	0.5	1
ERR1042116	1	1	1	0.25	0.5	1	1	0.5	0.25	1
ERR1042117	1	1	1	0.25	1	1	1	0.5	0.5	1
ERR1042118	1	1	1	0.25	1	1	1	0.25	0.5	1
ERR1042119	1	1	1	0.25	1	1	1	0.25	0.5	1
ERR1042120	1	1	1	0.25	1	1	1	0.25	0.5	1
ERR1042121	1	1	1	0.25	0.5	1	1	0.25	0.25	1
ERR1042122	1	1	1	0.25	1	1	1	0.25	0.5	1
ERR1042123	1	1	1	0.25	1	1	1	0.25	0.5	1
ERR1042124	1	1	1	0.25	1	1	1	0.25	0.25	1
ERR1042125	1	1	1	0.25	1	1	1	0.5	0.25	1
ERR1042126	1	1	1	0.25	1	1	1	0.25	0.25	1
ERR1042127	1	1	1	0.25	1	1	1	0.5	0.25	1
ERR1042128	1	1	1	0.25	1	1	1	0.5	0.25	1
ERR1042129	1	1	1	0.25	1	1	1	0.25	0.5	1
ERR1042130	1	1	1	0.25	1	1	1	0.25	0.5	1
ERR1042131	1	1	1	0.25	1	1	1	0.5	0.25	1
ERR1042132	1	1	1	0.25	1	1	1	0.5	0.25	1
ERR1042133	1	1	1	0.25	0.5	1	1	0.25	0.25	1
ERR1042134	1	1	1	0.25	0.5	1	1	0.25	0.25	1
ERR1042135	1	1	1	0.25	1	1	1	0.5	0.5	1
ERR1042136	1	1	1	0.25	0.5	1	1	0.5	0.25	1
ERR1042137	1	1	1	0.25	1	1	1	0.25	0.5	1
ERR1042138	1	1	1	0.25	0.5	1	1	0.5	0.25	1
ERR1042139	1	1	1	0.25	1	1	1	0.25	0.5	1
ERR1042140	1	1	1	0.25	1	1	1	0.5	0.5	1
ERR1042141	1	1	1	0.25	0.25	1	1	0.25	0.25	1
ERR1042142	1	1	1	0.25	0.25	1	1	0.25	0.25	1
ERR1042143	1	1	1	0.25	1	1	1	0.25	0.5	1
ERR1042144	1	1	1	0.25	0.5	1	1	0.5	0.25	1
ERR1042145	1	1	1	0.25	1	1	1	0.5	0.5	1
ERR1042146	1	1	1	0.25	1	1	1	0.5	0.5	1
ERR1042147	1	1	1	0.25	0.5	1	1	0.25	0.25	1
ERR1042148	1	1	1	0.25	0.25	1	1	0.25	0.25	1
ERR1042149	1	1	1	0.25	0.25	1	1	0.25	0.25	1
ERR1042150	1	1	1	0.25	0.5	1	1	0.25	0.25	1
ERR1042151	1	1	1	0.25	0.25	1	1	0.25	0.25	1
ERR1042152	1	1	1	0.25	0.25	1	1	0.25	0.25	1
ERR1042153	1	1	1	0.25	1	1	1	0.25	0.5	1
ERR1042154	1	1	1	0.25	1	1	1	0.25	0.5	1
ERR1042155	1	1	1	0.25	1	1	1	0.25	0.5	1
ERR1042156	1	1	1	0.25	1	1	1	0.25	0.5	1
ERR1042157	1	1	1	0.25	1	1	1	0.25	0.5	1
ERR1042158	1	1	1	0.25	1	1	1	0.25	0.5	1
ERR1042159	1	1	1	0.25	1	1	1	0.5	0.5	1
ERR1042160	1	1	1	0.25	1	1	1	0.5	0.5	1
ERR1042161	1	1	1	0.25	1	1	1	0.5	0.5	1
ERR1042162	1	1	1	0.25	1	1	1	0.5	0.5	1
ERR1042163	1	1	1	0.25	1	1	1	0.5	0.5	1
ERR1042164	1	1	1	0.25	1	1	1	0.25	0.5	1
ERR1042165	1	1	1	0.25	1	1	1	0.25	0.5	1
ERR1042166	1	1	1	0.25	1	1	1	0.25	0.5	1
ERR1042167	1	1	1	0.25	1	1	1	0.5	1	1
ERR1042168	1	1	1	0.25	1	1	1	0.5	0.5	1
ERR1042169	1	1	1	0.25	1	1	1	0.5	0.5	1
ERR1042170	1	1	1	0.25	1	1	1	0.25	0.5	1
ERR1042171	1	1	1	0.25	1	1	1	0.25	0.5	1
ERR1042172	1	1	1	0.25	1	1	1	0.25	0.5	1
ERR1042173	1	1	1	0.25	1	1	1	0.25	0.5	1
ERR1042174	1	1	1	0.25	1	1	1	0.25	0.5	1
ERR1042175	1	1	1	0.25	1	1	1	0.5	0.5	1
ERR1042176	1	1	1	0.25	1	1	1	0.5	0.5	1
ERR1042177	1	1	1	0.25	1	1	1	0.25	0.5	1
ERR1042178	1	1	1	0.25	1	1	1	1	1	1
ERR1042179	1	1	1	0.25	1	1	1	0.5	0.5	1
ERR1042180	1	1	1	0.25	1	1	1	0.5	0.5	1
ERR1042181	1	1	1	0.25	1	1	1	0.25	0.5	1
ERR1042182	1	1	1	0.25	1	1	1	0.5	0.5	1
ERR1042183	1	1	1	0.25	1	1	1	0.5	0.5	1
ERR1042184	1	1	1	0.25	1	1	1	0.25	0.5	1
ERR1042185	1	1	1	0.25	1	1	1	0.5	0.5	1
ERR1042186	1	1	1	0.25	0.25	1	1	0.5	0.25	1
ERR1042187	1	1	1	0.25	1	1	1	0.25	0.5	1
ERR1042188	1	1	1	0.25	1	1	1	0.5	0.5	1
ERR1042189	1	1	1	0.25	1	1	1	0.25	0.5	1
ERR1042190	1	1	1	0.25	1	1	1	0.5	0.5	1
ERR1042191	1	1	1	0.25	1	1	1	0.5	0.5	1
ERR1042192	1	1	1	0.25	1	1	1	0.25	0.5	1
ERR1042193	1	1	1	0.25	1	1	1	0.25	0.5	1
ERR1042194	1	1	1	0.25	1	1	1	0.5	0.5	1
ERR1042195	1	1	1	0.25	1	1	1	0.25	1	1
ERR1042196	1	1	1	0.25	1	1	1	0.25	0.5	1
ERR1042197	1	1	1	0.25	1	1	1	0.25	0.5	1
ERR1042198	1	1	1	0.25	1	1	1	0.5	0.5	1
ERR1042199	1	1	1	0.25	1	1	1	0.25	0.5	1
ERR1042200	1	1	1	0.25	1	1	1	0.5	0.5	1
ERR1042201	1	1	1	0.25	1	1	1	0.5	1	1
ERR1042202	1	1	1	0.25	1	1	1	0.25	0.5	1
ERR1042203	1	1	1	0.25	1	1	1	0.25	0.5	1
ERR1042204	1	1	1	0.25	1	1	1	0.25	1	1
ERR1042205	1	1	1	0.25	1	1	1	0.25	0.5	1
ERR1042206	1	1	1	0.25	1	1	1	0.5	0.5	1
ERR1042207	1	1	1	0.25	1	1	1	0.25	0.5	1
ERR1042208	1	1	1	0.25	1	1	1	0.25	0.5	1
ERR1042209	1	1	1	0.25	1	1	1	0.25	0.5	1
ERR1042210	1	1	1	0.25	1	1	1	0.25	0.5	1
ERR1042211	1	1	1	0.25	1	1	1	0.25	0.5	1
ERR1042212	1	1	1	0.25	1	1	1	0.5	0.5	1
ERR1042213	1	1	1	0.25	1	1	1	0.25	0.5	1
ERR1042214	1	1	1	0.25	1	1	1	0.5	0.5	1
ERR1042215	1	1	1	0.25	1	1	1	0.5	0.5	1
ERR1042216	1	1	1	0.25	1	1	1	0.25	0.5	1
ERR1042217	1	1	1	0.25	1	1	1	0.25	0.5	1
ERR1042218	1	1	1	0.25	1	1	1	0.5	0.5	1
ERR1042219	1	1	1	0.25	1	1	1	0.5	0.5	1
ERR1042220	1	1	1	0.25	1	1	1	0.25	0.5	1
ERR1042221	1	1	1	0.25	1	1	1	0.5	0.5	1
ERR1042222	1	1	1	0.25	1	1	1	0.5	0.5	1
ERR1042223	1	1	1	0.25	1	1	1	0.5	0.5	1
ERR1042224	1	1	1	0.25	1	1	1	0.25	0.5	1
ERR1042225	1	1	1	0.25	1	1	1	0.25	0.5	1
ERR1042226	1	1	1	0.25	1	1	1	0.5	0.5	1
ERR1042227	1	1	1	0.25	1	1	1	0.25	0.5	1
ERR1042228	1	1	1	0.25	1	1	1	0.5	0.5	1
ERR1042229	1	1	1	0.25	1	1	1	0.25	0.5	1
ERR1042230	1	1	1	0.25	1	1	1	1	0.5	1
ERR1042231	1	1	1	0.25	1	1	1	1	0.5	1
ERR1042232	1	1	1	0.25	1	1	1	1	0.5	1
ERR1042233	1	1	1	0.25	1	1	1	0.5	0.5	1
ERR1042234	1	1	1	0.25	1	1	1	0.5	0.5	1
ERR1042235	1	1	1	0.25	1	1	1	0.25	0.5	1
ERR1042236	1	1	1	0.25	0.5	1	1	0.5	0.25	1
ERR1042237	1	1	1	0.25	0.5	1	1	0.25	0.25	1
ERR1042238	1	1	1	0.25	1	1	1	0.5	0.5	1
ERR1042239	1	1	1	0.25	1	1	1	0.5	1	1
ERR1042240	1	1	1	0.25	1	1	1	0.25	0.5	1
ERR1042241	1	1	1	0.25	0.5	1	1	0.25	0.25	1
ERR1042242	1	1	1	0.25	0.25	1	1	0.5	0.25	1
ERR1042243	1	1	1	0.25	1	1	1	0.5	0.5	1
ERR1042244	1	1	1	0.25	1	1	1	0.5	0.5	1
ERR1042245	1	1	1	0.25	0.5	1	1	0.5	0.5	1
ERR1042246	1	1	1	0.25	1	1	1	0.5	0.5	1
ERR1042247	1	1	1	0.25	1	1	1	0.5	0.5	1
ERR1042248	1	1	1	0.25	1	1	1	0.25	0.5	1
ERR1042249	1	1	1	0.25	1	1	1	0.25	0.5	1
ERR1042250	1	1	1	0.25	0.25	1	1	0.5	0.5	1
ERR1042251	1	1	1	0.25	1	1	1	0.25	0.5	1
ERR1042252	1	1	1	0.25	1	1	1	0.25	0.5	1
ERR1042253	1	1	1	0.25	1	1	1	0.25	0.5	1
ERR1042254	1	1	1	0.25	0.5	1	1	0.5	0.5	1
ERR1042255	1	1	1	0.25	0.5	1	1	0.25	0.5	1
ERR1042256	1	1	1	0.25	0.5	1	1	0.25	0.5	1
ERR1042257	1	1	1	0.25	1	1	1	0.25	0.5	1
ERR1042258	1	1	1	0.25	1	1	1	0.5	0.5	1
ERR1042259	1	1	1	0.25	0.5	1	1	0.25	0.5	1
ERR1042260	1	1	1	0.25	0.5	1	1	0.5	0.25	1
ERR1042261	1	1	1	0.25	0.5	1	1	0.25	0.5	1
ERR1042262	1	1	1	0.25	0.5	1	1	0.25	0.5	1
ERR1042263	1	1	1	0.25	0.5	1	1	0.25	0.5	1
ERR1042264	1	1	1	0.25	0.5	1	1	0.25	0.5	1
ERR1042265	1	1	1	0.25	1	1	1	0.25	0.5	1
ERR1042266	1	1	1	0.25	1	1	1	0.5	0.5	1
ERR1042267	1	1	1	0.25	1	1	1	0.25	0.5	1
ERR1042268	1	1	1	0.25	0.5	1	1	0.5	0.5	1
ERR1042269	1	1	1	0.25	0.5	1	1	0.25	0.5	1
ERR1042270	1	1	1	0.25	1	1	1	0.5	0.5	1
ERR1042271	1	1	1	0.25	0.5	1	1	0.5	0.5	1
ERR1042272	1	1	1	0.5	0.25	1	1	0.25	0.5	1
ERR1042273	1	1	1	0.25	0.5	1	1	0.25	0.25	1
ERR1042274	1	1	1	0.5	0.5	1	1	0.25	0.5	1
ERR1042275	1	1	1	0.25	0.5	1	1	0.25	0.5	1
ERR1042276	1	1	1	0.5	0.5	1	1	0.25	0.5	1
ERR1042277	1	1	1	0.25	1	1	1	0.25	0.5	1
ERR1042278	1	1	1	0.25	1	1	1	0.25	0.5	1
ERR1042279	1	1	1	0.25	1	1	1	0.25	0.5	1
ERR1042280	1	1	1	0.25	1	1	1	0.5	0.5	1
ERR1042281	1	1	1	0.25	0.25	1	1	0.25	0.25	1
ERR1042282	1	1	1	0.25	0.5	1	1	0.25	0.25	1
ERR1042283	1	1	1	0.25	0.5	1	1	0.25	0.5	1
ERR1042284	1	1	1	0.25	0.25	1	1	0.25	0.25	1
ERR1042285	1	1	1	0.5	0.5	1	1	0.25	0.5	1
ERR1042286	1	1	1	0.25	1	1	1	0.25	0.5	1
ERR1042287	1	1	1	0.25	0.25	1	1	0.25	0.25	1
ERR1042288	1	1	1	0.25	0.5	1	1	0.25	0.25	1
ERR1042289	1	1	1	0.25	0.5	1	1	0.25	0.25	1
ERR1042290	1	1	1	0.25	0.25	1	1	0.25	0.25	1
ERR1042291	1	1	1	0.25	0.25	1	1	0.25	0.25	1
ERR1042292	1	1	1	0.25	0.25	1	1	0.25	0.5	1
ERR1042293	1	1	1	0.25	0.5	1	1	0.25	0.5	1
ERR1042294	1	1	1	0.25	0.5	1	1	0.25	0.5	1
ERR1042295	1	1	1	0.25	0.5	1	1	0.25	0.5	1
ERR1042296	1	1	1	0.25	0.5	1	1	0.25	0.5	1
ERR1042297	1	1	1	0.25	0.5	1	1	0.25	0.5	1
ERR1042298	1	1	1	0.25	0.5	1	1	0.25	0.5	1
ERR1042299	1	1	1	0.25	1	1	1	0.5	0.5	1
ERR1042300	1	1	1	0.25	1	1	1	0.25	0.5	1
ERR1042301	1	1	1	0.25	1	1	1	0.25	0.5	1
ERR1042302	1	1	1	0.25	1	1	1	0.25	0.5	1
ERR1042303	1	1	1	0.25	1	1	1	0.5	0.5	1
ERR1042304	1	1	1	0.25	1	1	1	0.5	1	1
ERR1042305	1	1	1	0.25	1	1	1	0.25	0.5	1
ERR1042306	1	1	1	0.25	1	1	1	0.25	1	1
ERR1042307	1	1	1	0.25	1	1	1	0.25	0.5	1
ERR1042308	1	1	1	0.25	1	1	1	0.25	1	1
ERR1042309	1	1	1	0.25	1	1	1	0.25	0.5	1
ERR1042310	1	1	1	0.25	1	1	1	0.25	0.5	1
ERR1042311	1	1	1	0.25	1	1	1	0.5	0.5	1
ERR1042312	1	1	1	0.25	1	1	1	1	1	1
ERR1042313	1	1	1	0.25	1	1	1	0.5	0.5	1
ERR1042314	1	1	1	0.25	1	1	1	0.25	0.5	1
ERR1042315	1	1	1	0.25	0.5	1	1	0.25	0.5	1
ERR1042316	1	1	1	0.25	1	1	1	0.25	0.5	1
ERR1042317	1	1	1	0.25	1	1	1	0.25	0.5	1
ERR1042318	1	1	1	0.25	1	1	1	0.25	0.5	1
ERR1042319	1	1	1	0.25	1	1	1	0.25	1	1
ERR1042320	1	1	1	0.25	0.25	1	1	0.25	0.25	1
ERR1042321	1	1	1	0.25	1	1	1	0.5	0.5	1
ERR1042322	1	1	1	0.25	0.5	1	1	0.25	0.5	1
ERR1042323	1	1	1	0.25	0.5	1	1	0.25	0.25	1
ERR1042324	1	1	1	0.25	1	1	1	0.25	0.5	1
ERR1042325	1	1	1	0.25	0.5	1	1	0.25	0.25	1
ERR1042326	1	1	1	0.25	1	1	1	0.25	0.5	1
ERR1042327	1	1	1	0.25	0.25	1	1	0.25	0.25	1
ERR1042328	1	1	1	0.25	1	1	1	0.25	0.5	1
ERR1042329	1	1	1	0.25	1	1	1	0.25	0.5	1
ERR1042330	1	1	1	0.25	1	1	1	0.25	0.5	1
ERR1042331	1	1	1	0.25	1	1	1	0.25	0.5	1
ERR1042332	1	1	1	0.25	1	1	1	0.25	0.5	1
ERR1042333	1	1	1	0.25	0.5	1	1	0.25	0.25	1
ERR1042334	1	1	1	0.25	1	1	1	0.25	0.5	1
ERR1042335	1	1	1	0.25	1	1	1	0.25	0.5	1
ERR1042336	1	1	1	0.25	1	1	1	0.25	0.5	1
ERR1042337	1	1	1	0.25	1	1	1	0.25	0.25	1
ERR1042338	1	1	1	0.25	1	1	1	0.25	0.5	1
ERR1042339	1	1	1	0.25	1	1	1	0.25	0.5	1
ERR1042340	1	1	1	0.25	1	1	1	0.5	0.5	1
ERR1042341	1	1	1	0.25	0.5	1	1	0.25	0.25	1
ERR1042342	1	1	1	0.25	1	1	1	0.25	0.5	1
ERR1042343	1	1	1	0.25	1	1	1	0.25	0.5	1
ERR1042344	1	1	1	0.25	0.5	1	1	0.25	0.25	1
ERR1042345	1	1	1	0.25	1	1	1	0.25	0.5	1
ERR1042346	1	1	1	0.25	1	1	1	0.25	0.5	1
ERR1042347	1	1	1	0.25	1	1	1	0.25	0.5	1
ERR1042348	1	1	1	0.25	1	1	1	0.25	0.5	1
ERR1042349	1	1	1	0.25	1	1	1	0.25	0.5	1
ERR1042350	1	1	1	0.25	1	1	1	0.25	0.5	1
ERR1042351	1	1	1	0.25	1	1	1	0.5	0.5	1
ERR1042352	1	1	1	0.25	1	1	1	0.25	0.5	1
ERR1042353	1	1	1	0.25	1	1	1	0.25	0.5	1
ERR1042354	1	1	1	0.25	1	1	1	0.25	0.5	1
ERR1042355	1	1	1	0.25	1	1	1	0.25	0.5	1
ERR1042356	1	1	1	0.25	1	1	1	0.25	0.5	1
ERR1042357	1	1	1	0.25	1	1	1	0.25	0.5	1
ERR1042358	1	1	1	0.25	1	1	1	0.25	0.5	1
ERR1042359	1	1	1	0.25	1	1	1	0.25	0.5	1
ERR1042360	1	1	1	0.25	1	1	1	0.25	0.5	1
ERR1042361	1	1	1	0.25	1	1	1	0.25	0.5	1
ERR1042362	1	1	1	0.25	1	1	1	0.25	0.5	1
ERR1042363	1	1	1	0.25	1	1	1	0.25	0.5	1
ERR1042364	1	1	1	0.25	1	1	1	0.25	0.5	1
ERR1042365	1	1	1	0.25	1	1	1	0.25	0.5	1
ERR1042366	1	1	1	0.25	1	1	1	0.25	0.5	1
ERR1042367	1	1	1	0.25	1	1	1	0.25	0.5	1
ERR1042368	1	1	1	0.25	1	1	1	0.25	0.5	1
ERR1042369	1	1	1	0.25	1	1	1	0.25	0.5	1
ERR1042370	1	1	1	0.25	1	1	1	0.25	0.5	1
ERR1042371	1	1	1	0.25	1	1	1	0.25	0.5	1
ERR1042372	1	1	1	0.25	1	1	1	0.25	0.5	1
ERR1042373	1	1	1	0.25	1	1	1	0.25	0.5	1
ERR1042374	1	1	1	0.25	1	1	1	0.25	0.5	1
ERR1042375	1	1	1	0.25	1	1	1	0.25	0.25	1
ERR1042376	1	1	1	0.25	1	1	1	0.5	0.25	1
ERR1042377	1	1	1	0.25	1	1	1	0.25	0.5	1
ERR1042378	1	1	1	0.25	1	1	1	0.25	0.5	1
ERR1042379	1	1	1	0.25	1	1	1	0.25	0.5	1
ERR1042380	1	1	1	0.25	1	1	1	0.25	0.5	1
ERR1042381	1	1	1	0.25	1	1	1	0.5	0.5	1
ERR1042382	1	1	1	0.25	1	1	1	0.25	0.5	1
ERR1042383	1	1	1	0.25	1	1	1	0.25	0.5	1
ERR1042384	1	1	1	0.25	1	1	1	0.25	0.5	1
ERR1042385	1	1	1	0.25	1	1	1	0.25	0.5	1
ERR1042386	1	1	1	0.25	1	1	1	0.25	0.5	1
ERR1042387	1	1	1	0.25	1	1	1	0.25	0.5	1
ERR1042388	1	1	1	0.25	0.25	1	1	0.25	0.25	1
ERR1042389	1	1	1	0.25	0.25	1	1	0.25	0.25	1
ERR1042390	1	1	1	0.25	0.5	1	1	0.5	0.25	1
ERR1042391	1	1	1	0.25	0.25	1	1	0.25	0.25	1
ERR1042392	1	1	1	0.25	0.25	1	1	0.25	0.25	1
ERR1042393	1	1	1	0.25	0.5	1	1	0.25	0.5	1
ERR1042394	1	1	1	0.25	0.5	1	1	0.5	0.25	1
ERR1042395	1	1	1	0.25	0.25	1	1	0.5	0.25	1
ERR1042396	1	1	1	0.25	0.25	1	1	0.25	0.25	1
ERR1042397	1	1	1	0.25	0.25	1	1	0.25	0.25	1
ERR1042398	1	1	1	0.25	0.5	1	1	0.5	0.25	1
ERR1042399	1	1	1	0.25	0.5	1	1	0.25	0.5	1
ERR1042400	1	1	1	0.25	0.25	1	1	0.25	0.25	1
ERR1042401	1	1	1	0.25	0.5	1	1	0.25	0.5	1
ERR1042402	1	1	1	0.25	1	1	1	0.5	0.5	1
ERR1042403	1	1	1	0.25	1	1	1	0.25	0.5	1
ERR1042404	1	1	1	0.25	0.5	1	1	0.25	0.25	1
ERR1042405	1	1	1	0.25	1	1	1	0.5	0.5	1
ERR1042406	1	1	1	0.25	0.5	1	1	0.25	0.25	1
ERR1042407	1	1	1	0.25	0.5	1	1	0.25	0.25	1
ERR1042408	1	1	1	0.25	1	1	1	0.25	0.5	1
ERR1042409	1	1	1	0.25	0.25	1	1	0.25	0.25	1
ERR1042410	1	1	1	0.25	0.25	1	1	0.25	0.25	1
ERR1042411	1	1	1	0.25	0.25	1	1	0.25	0.25	1
ERR1042412	1	1	1	0.25	0.5	1	1	0.25	0.25	1
ERR1042413	1	1	1	0.25	0.25	1	1	0.25	0.25	1
ERR1042414	1	1	1	0.25	0.5	1	1	0.25	0.25	1
ERR1042415	1	1	1	0.25	1	1	1	0.5	0.5	1
ERR1042416	1	1	1	0.25	1	1	1	0.5	0.5	1
ERR1042417	1	1	1	0.25	1	1	1	0.25	0.5	1
ERR1042418	1	1	1	0.25	1	1	1	0.25	0.5	1
ERR1042419	1	1	1	0.25	1	1	1	0.5	0.5	1
ERR1042420	1	1	1	0.25	1	1	1	0.5	0.5	1
ERR1042421	1	1	1	0.25	0.5	1	1	0.25	0.25	1
ERR1042422	1	1	1	0.25	1	1	1	0.5	0.5	1
ERR1042423	1	1	1	0.25	1	1	1	0.25	0.5	1
ERR1042424	1	1	1	0.25	1	1	1	0.5	0.5	1
ERR1042425	1	1	1	0.25	1	1	1	0.25	0.5	1
ERR1042426	1	1	1	0.25	1	1	1	0.5	0.5	1
ERR1042427	1	1	1	0.25	1	1	1	0.25	0.5	1
ERR1042428	1	1	1	0.25	0.5	1	1	0.25	0.25	1
ERR1042429	1	1	1	0.25	0.5	1	1	0.25	0.25	1
ERR1042430	1	1	1	0.25	1	1	1	0.25	0.5	1
ERR1042431	1	1	1	0.25	1	1	1	0.25	0.5	1
ERR1042432	1	1	1	0.25	1	1	1	0.25	0.5	1
ERR1042433	1	1	1	0.25	0.5	1	1	0.25	0.5	1
ERR1042434	1	1	1	0.25	1	1	1	0.5	0.5	1
ERR1042435	1	1	1	0.25	1	1	1	0.5	0.5	1
ERR1042436	1	1	1	0.25	1	1	1	0.5	0.5	1
ERR1042437	1	1	1	0.25	1	1	1	0.25	0.5	1
ERR1042438	1	1	1	0.5	1	1	1	0.25	0.5	1
ERR1042439	1	1	1	0.25	1	1	1	0.25	0.5	1
ERR1042440	1	1	1	0.25	0.5	1	1	0.5	0.5	1
ERR1042441	1	1	1	0.25	0.5	1	1	0.5	0.25	1
ERR1042442	1	1	1	0.25	0.5	1	1	0.25	0.5	1
ERR1042443	1	1	1	0.25	1	1	1	0.25	0.5	1
ERR1042444	1	1	1	0.25	1	1	1	0.25	0.5	1
ERR1042445	1	1	1	0.25	1	1	1	0.25	0.5	1
ERR1042446	1	1	1	0.25	0.5	1	1	0.25	0.5	1
ERR1042447	1	1	1	0.25	0.5	1	1	0.25	0.5	1
ERR1042448	1	1	1	0.25	1	1	1	0.25	0.5	1
ERR1042449	1	1	1	0.25	1	1	1	0.25	0.5	1
ERR1042450	1	1	1	0.25	1	1	1	0.25	0.5	1
ERR1042451	1	1	1	0.25	1	1	1	0.25	0.5	1
ERR1042452	1	1	1	0.25	1	1	1	0.25	0.5	1
ERR1042453	1	1	1	0.25	1	1	1	0.25	0.5	1
ERR1042454	1	1	1	0.25	0.5	1	1	0.25	0.25	1
ERR1042455	1	1	1	0.25	1	1	1	0.25	0.5	1
ERR1042456	1	1	1	0.25	0.5	1	1	0.25	0.5	1
ERR1042457	1	1	1	0.25	1	1	1	0.25	0.5	1
ERR1042458	1	1	1	0.25	1	1	1	0.25	0.5	1
ERR1042459	1	1	1	0.25	1	1	1	0.25	0.5	1
ERR1042460	1	1	1	0.25	1	1	1	0.25	0.5	1
ERR1042461	1	1	1	0.25	0.5	1	1	0.25	0.25	1
ERR1042462	1	1	1	0.25	1	1	1	0.25	0.5	1
ERR1042463	1	1	1	0.25	1	1	1	0.25	0.5	1
ERR1042464	1	1	1	0.25	1	1	1	0.25	0.5	1
ERR1042465	1	1	1	0.25	0.25	1	1	0.25	0.25	1
ERR1042466	1	1	1	0.25	1	1	1	0.25	0.5	1
ERR1042467	1	1	1	0.25	0.5	1	1	0.5	0.5	1
ERR1042468	1	1	1	0.25	1	1	1	0.5	0.5	1
ERR1042469	1	1	1	0.25	1	1	1	0.5	0.5	1
ERR1042470	1	1	1	0.25	1	1	1	0.25	0.5	1
ERR1042471	1	1	1	0.25	0.5	1	1	0.5	0.5	1
ERR1042472	1	1	1	0.25	0.5	1	1	0.5	0.5	1
ERR1042473	1	1	1	0.25	0.5	1	1	0.25	0.5	1
ERR1042474	1	1	1	0.25	1	1	1	0.25	0.5	1
ERR1042475	1	1	1	0.25	0.5	1	1	0.25	0.5	1
ERR1042476	1	1	1	0.25	0.5	1	1	0.25	0.5	1
ERR1042477	1	1	1	0.25	1	1	1	0.25	0.5	1
ERR1042478	1	1	1	0.25	1	1	1	0.5	0.5	1
ERR1042479	1	1	1	0.25	1	1	1	0.5	0.5	1
ERR1042480	1	1	1	0.25	1	1	1	0.25	0.5	1
ERR1042481	1	1	1	0.25	1	1	1	0.25	0.5	1
ERR1042482	1	1	1	0.25	1	1	1	0.25	0.5	1
ERR1042483	1	1	1	0.25	1	1	1	0.25	0.5	1
ERR1042484	1	1	1	0.25	1	1	1	0.25	0.5	1
ERR1042485	1	1	1	0.25	1	1	1	0.25	0.5	1
ERR1042486	1	1	1	0.25	1	1	1	0.25	0.5	1
ERR1042487	1	1	1	0.25	1	1	1	0.25	0.5	1
ERR1042488	1	1	1	0.25	1	1	1	0.25	0.5	1
ERR1042489	1	1	1	0.25	1	1	1	0.25	0.5	1
ERR1042490	1	1	1	0.25	1	1	1	0.25	0.5	1
ERR1042491	1	1	1	0.25	1	1	1	0.5	0.5	1
ERR1042492	1	1	1	0.25	0.5	1	1	0.5	0.25	1
ERR1042493	1	1	1	0.25	0.5	1	1	0.5	0.25	1
ERR1042494	1	1	1	0.25	1	1	1	0.5	0.5	1
ERR1042495	1	1	1	0.25	1	1	1	0.25	0.5	1
ERR1042496	1	1	1	0.25	1	1	1	0.5	0.5	1
ERR1042497	1	1	1	0.25	1	1	1	0.25	0.5	1
ERR1042498	1	1	1	0.25	1	1	1	0.25	0.5	1
ERR1042499	1	1	1	0.25	1	1	1	0.25	0.5	1
ERR1042500	1	1	1	0.25	1	1	1	0.25	0.5	1
ERR1042501	1	1	1	0.25	1	1	1	0.5	0.5	1
ERR1042502	1	1	1	0.25	1	1	1	0.25	0.5	1
ERR1042503	1	1	1	0.25	1	1	1	0.25	0.5	1
ERR1042504	1	1	1	0.25	1	1	1	0.25	0.5	1
ERR1042505	1	1	1	0.25	1	1	1	0.5	0.5	1
ERR1042506	1	1	1	0.25	1	1	1	0.25	0.5	1
ERR1042507	1	1	1	0.25	1	1	1	0.25	0.5	1
ERR1042508	1	1	1	0.25	1	1	1	0.5	0.25	1
ERR1042509	1	1	1	0.25	1	1	1	0.5	0.5	1
ERR1042510	1	1	1	0.25	1	1	1	0.25	0.5	1
ERR1042511	1	1	1	0.25	1	1	1	0.5	0.5	1
ERR1042512	1	1	1	0.25	0.5	1	1	0.5	0.25	1
ERR1042513	1	1	1	0.25	1	1	1	0.5	0.5	1
ERR1042514	1	1	1	0.25	0.5	1	1	0.5	0.25	1
ERR1042515	1	1	1	0.25	0.5	1	1	0.5	0.25	1
ERR1042516	1	1	1	0.25	1	1	1	0.5	0.5	1
ERR1042517	1	1	1	0.25	1	1	1	0.5	0.5	1
ERR1042518	1	1	1	0.25	0.5	1	1	0.25	0.25	1
ERR1042519	1	1	1	0.25	1	1	1	0.5	0.5	1
ERR1042520	1	1	1	0.25	1	1	1	0.5	0.5	1
ERR1042521	1	1	1	0.25	1	1	1	0.5	0.5	1
ERR1042522	1	1	1	0.25	1	1	1	0.5	0.5	1
ERR1042523	1	1	1	0.25	1	1	1	0.5	0.5	1
ERR1042524	1	1	1	0.25	1	1	1	0.5	0.5	1
ERR1042525	1	1	1	0.25	1	1	1	0.5	0.5	1
ERR1042526	1	1	1	0.25	1	1	1	0.5	0.5	1
ERR1042527	1	1	1	0.25	1	1	1	0.5	0.5	1
ERR1042528	1	1	1	0.25	0.25	1	1	1	0.25	1
ERR1042529	1	1	1	0.25	1	1	1	0.25	0.5	1
ERR1042530	1	1	1	0.25	1	1	1	0.5	0.5	1
ERR1042531	1	1	1	0.25	1	1	1	0.25	0.5	1
ERR1042532	1	1	1	0.25	1	1	1	0.25	0.5	1
ERR1042533	1	1	1	0.25	1	1	1	0.5	0.5	1
ERR1042534	1	1	1	0.25	1	1	1	0.5	0.5	1
ERR1042535	1	1	1	0.25	1	1	1	0.5	0.5	1
ERR1042536	1	1	1	0.25	1	1	1	0.25	0.5	1
ERR1042537	1	1	1	0.25	1	1	1	0.5	0.5	1
ERR1042538	1	1	1	0.25	1	1	1	0.25	0.5	1
ERR1042539	1	1	1	0.25	1	1	1	0.25	0.5	1
ERR1042540	1	1	1	0.25	1	1	1	0.5	0.5	1
ERR1042541	1	1	1	0.25	1	1	1	0.5	0.5	1
ERR1042542	1	1	1	0.25	1	1	1	0.5	0.5	1
ERR1042543	1	1	1	0.25	1	1	1	0.25	0.5	1
ERR1042544	1	1	1	0.25	1	1	1	0.5	0.5	1
ERR1042545	1	1	1	0.25	1	1	1	0.25	0.5	1
ERR1042546	1	1	1	0.25	1	1	1	0.5	0.5	1
ERR1042547	1	1	1	0.25	1	1	1	0.25	0.5	1
ERR1042548	1	1	1	0.25	1	1	1	0.5	0.5	1
ERR1042549	1	1	1	0.25	1	1	1	0.25	0.5	1
ERR1042550	1	1	1	0.25	1	1	1	0.25	0.5	1
ERR1042551	1	1	1	0.25	1	1	1	0.5	0.5	1
ERR1042552	1	1	1	0.25	1	1	1	0.25	0.5	1
ERR1042553	1	1	1	0.25	1	1	1	0.5	0.5	1
ERR1042554	1	1	1	0.25	1	1	1	0.25	0.5	1
ERR1042555	1	1	1	0.25	1	1	1	0.25	0.5	1
ERR1042556	1	1	1	0.25	1	1	1	0.25	0.5	1
ERR1042557	1	1	1	0.25	1	1	1	0.25	0.5	1
ERR1042558	1	1	1	0.25	1	1	1	0.25	0.5	1
ERR1042559	1	1	1	0.25	1	1	1	0.25	0.5	1
ERR1042560	1	1	1	0.25	1	1	1	0.25	1	1
ERR1042561	1	1	1	0.25	1	1	1	0.5	0.5	1
ERR1042562	1	1	1	0.25	1	1	1	0.25	0.5	1
ERR1042563	1	1	1	0.25	1	1	1	0.5	0.5	1
ERR1042564	1	1	1	0.25	1	1	1	0.5	0.5	1
ERR1042565	1	1	1	0.25	1	1	1	0.5	1	1
ERR1042566	1	1	1	0.25	1	1	1	0.5	1	1
ERR1042567	1	1	1	0.25	1	1	1	0.25	1	1
ERR1042568	1	1	1	0.25	1	1	1	0.5	0.5	1
ERR1042569	1	1	1	0.25	1	1	1	1	0.5	1
ERR1042570	1	1	1	0.25	1	1	1	0.5	0.5	1
ERR1042571	1	1	1	0.25	1	1	1	0.5	0.5	1
ERR1042572	1	1	1	0.25	1	1	1	0.5	1	1
ERR1042573	1	1	1	0.25	1	1	1	0.5	1	1
ERR1042574	1	1	1	0.25	1	1	1	0.5	0.5	1
ERR1042575	1	1	1	0.25	1	1	1	0.5	0.5	1
ERR1042576	1	1	1	0.25	1	1	1	0.25	0.5	1
ERR1042577	1	1	1	0.25	1	1	1	1	1	1
ERR1042578	1	1	1	0.25	1	1	1	0.25	0.5	1
ERR1042579	1	1	1	0.25	1	1	1	0.5	0.5	1
ERR1042580	1	1	1	0.25	1	1	1	0.25	1	1
ERR1042581	1	1	1	0.25	1	1	1	0.25	0.5	1
ERR1042582	1	1	1	0.25	1	1	1	0.25	0.5	1
ERR1042583	1	1	1	0.25	1	1	1	0.5	0.5	1
ERR1042584	1	1	1	0.25	1	1	1	0.25	0.5	1
ERR1042585	1	1	1	0.25	1	1	1	0.5	0.5	1
ERR1042586	1	1	1	0.25	1	1	1	0.5	0.5	1
ERR1042587	1	1	1	0.25	1	1	1	0.5	0.5	1
ERR1042588	1	1	1	0.25	1	1	1	0.5	0.5	1
ERR1042589	1	1	1	0.25	1	1	1	0.5	0.5	1
ERR1042590	1	1	1	0.25	1	1	1	0.5	1	1
ERR1042591	1	1	1	0.25	1	1	1	0.5	1	1
ERR1042592	1	1	1	0.25	1	1	1	0.5	0.5	1
ERR1042593	1	1	1	0.25	1	1	1	0.25	0.5	1
ERR1042594	1	1	1	0.25	1	1	1	0.25	0.5	1
ERR1042595	1	1	1	0.25	1	1	1	0.5	0.5	1
ERR1042596	1	1	1	0.25	1	1	1	0.25	0.5	1
ERR1042597	1	1	1	0.25	1	1	1	0.5	0.5	1
ERR1042598	1	1	1	0.25	1	1	1	0.25	0.5	1
ERR1042599	1	1	1	0.25	1	1	1	0.5	0.5	1
ERR1042600	1	1	1	0.25	1	1	1	0.5	0.5	1
ERR1042601	1	1	1	0.25	1	1	1	0.25	0.5	1
ERR1042602	1	1	1	0.25	1	1	1	0.5	0.5	1
ERR1042603	1	1	1	0.25	1	1	1	0.25	0.5	1
ERR1042604	1	1	1	0.25	1	1	1	0.25	0.5	1
ERR1042605	1	1	1	0.25	1	1	1	0.5	1	1
ERR1042606	1	1	1	0.25	1	1	1	0.5	1	1
ERR1042607	1	1	1	0.25	1	1	1	0.5	0.5	1
ERR1042608	1	1	1	0.25	1	1	1	0.25	0.5	1
ERR1042609	1	1	1	0.25	1	1	1	0.5	0.5	1
ERR1042610	1	1	1	0.25	1	1	1	0.25	1	1
ERR1042611	1	1	1	0.25	1	1	1	0.5	1	1
ERR1042612	1	1	1	0.25	1	1	1	1	1	1
ERR1042613	1	1	1	0.25	1	1	1	0.5	1	1
ERR1042614	1	1	1	0.25	1	1	1	0.5	1	1
ERR1042615	1	1	1	0.25	1	1	1	0.25	0.5	1
ERR1042616	1	1	1	0.25	1	1	1	0.5	1	1
ERR1042617	1	1	1	0.25	1	1	1	0.25	0.5	1
ERR1042618	1	1	1	0.25	1	1	1	0.5	0.5	1
ERR1042619	1	1	1	0.25	1	1	1	0.5	0.5	1
ERR1042620	1	1	1	0.25	1	1	1	0.5	1	1
ERR1042621	1	1	1	0.25	1	1	1	0.5	0.5	1
ERR1042622	1	1	1	0.25	1	1	1	0.5	0.5	1
ERR1042623	1	1	1	0.25	1	1	1	0.5	0.5	1
ERR1042624	1	1	1	0.25	1	1	1	0.5	0.5	1
ERR1042625	1	1	1	0.25	1	1	1	0.5	0.5	1
ERR1042626	1	1	1	0.25	1	1	1	0.5	1	1
ERR1042627	1	1	1	0.25	1	1	1	0.5	1	1
ERR1042628	1	1	1	0.25	1	1	1	1	1	1
ERR1042629	1	1	1	0.25	1	1	1	0.5	1	1
ERR1042630	1	1	1	0.25	1	1	1	1	0.5	1
ERR1042631	1	1	1	0.25	1	1	1	0.5	0.5	1
ERR1042632	1	1	1	0.25	1	1	1	0.25	0.5	1
ERR1042633	1	1	1	0.25	1	1	1	0.25	0.5	1
ERR1042634	1	1	1	0.25	1	1	1	0.5	0.5	1
ERR1042635	1	1	1	0.25	0.5	1	1	0.25	0.25	1
ERR1042636	1	1	1	0.25	0.5	1	1	0.25	0.25	1
ERR1042637	1	1	1	0.25	1	1	1	0.25	0.5	1
ERR1042638	1	1	1	0.25	1	1	1	0.25	0.25	1
ERR1042639	1	1	1	0.25	1	1	1	0.25	0.5	1
ERR1042640	1	1	1	0.25	1	1	1	0.25	0.5	1
ERR1042641	1	1	1	0.25	1	1	1	0.25	0.5	1
ERR1042642	1	1	1	0.25	1	1	1	0.25	0.5	1
ERR1042643	1	1	1	0.25	1	1	1	0.25	0.5	1
ERR1042644	1	1	1	0.25	1	1	1	0.25	0.5	1
ERR1042645	1	1	1	0.25	1	1	1	0.25	0.5	1
ERR1042646	1	1	1	0.25	1	1	1	0.25	0.5	1
ERR1042647	1	1	1	0.25	1	1	1	0.25	0.5	1
ERR1042648	1	1	1	0.25	1	1	1	0.25	0.5	1
ERR1042649	1	1	1	0.25	0.25	1	1	0.25	0.25	1
ERR1042650	1	1	1	0.25	0.5	1	1	0.25	0.25	1
ERR1042651	1	1	1	0.25	1	1	1	0.25	0.5	1
ERR1042652	1	1	1	0.25	1	1	1	0.5	0.5	1
ERR1042653	1	1	1	0.25	1	1	1	0.25	0.25	1
ERR1042654	1	1	1	0.25	0.25	1	1	0.5	0.25	1
ERR1042655	1	1	1	0.25	0.5	1	1	0.25	0.25	1
ERR1042656	1	1	1	0.25	0.5	1	1	0.5	0.25	1
ERR1042657	1	1	1	0.25	1	1	1	0.25	0.5	1
ERR1042658	1	1	1	0.25	1	1	1	0.25	1	1
ERR1042659	1	1	1	0.25	0.5	1	1	0.5	0.5	1
ERR1042660	1	1	1	0.25	1	1	1	0.5	0.5	1
ERR1042661	1	1	1	0.25	0.5	1	1	0.25	1	1
ERR1042662	1	1	1	0.25	1	1	1	0.25	0.25	1
ERR1042663	1	1	1	0.25	1	1	1	0.25	0.5	1
ERR1042664	1	1	1	0.25	1	1	1	0.25	0.5	1
ERR1042665	1	1	1	0.25	1	1	1	0.25	1	1
ERR1042666	1	1	1	0.25	1	1	1	0.25	0.5	1
ERR1042667	1	1	1	0.5	1	1	1	0.5	0.5	1
ERR1042668	1	1	1	0.25	1	1	1	0.25	0.5	1
ERR1042669	1	1	1	0.25	0.5	1	1	0.25	0.25	1
ERR1042670	1	1	1	0.25	0.25	1	1	0.25	0.25	1
ERR1042671	1	1	1	0.25	1	1	1	0.25	0.25	1
ERR1042672	1	1	1	0.25	1	1	1	0.25	0.5	1
ERR1042673	1	1	1	0.25	1	1	1	0.25	1	1
ERR1042674	1	1	1	0.25	1	1	1	0.25	1	1
ERR1042675	1	1	1	0.25	1	1	1	0.25	0.5	1
ERR1042676	1	1	1	0.5	1	1	1	0.25	1	1
ERR1042677	1	1	1	0.25	1	1	1	0.25	0.5	1
ERR1042678	1	1	1	0.25	1	1	1	0.25	0.5	1
ERR1042679	1	1	1	0.25	1	1	1	0.25	0.5	1
ERR1042680	1	1	1	0.25	0.5	1	1	0.25	0.5	1
ERR1042681	1	1	1	0.25	1	1	1	0.25	1	1
ERR1042682	1	1	1	0.25	1	1	1	0.25	0.5	1
ERR1042683	1	1	1	0.5	1	1	1	0.5	0.5	1
ERR1042684	1	1	1	0.25	1	1	1	0.25	0.5	1
ERR1042685	1	1	1	0.25	1	1	1	0.5	0.5	1
ERR1042686	1	1	1	0.25	1	1	1	0.5	0.5	1
ERR1042687	1	1	1	0.25	0.5	1	1	0.25	0.5	1
ERR1042688	1	1	1	0.25	1	1	1	0.5	0.5	1
ERR1042689	1	1	1	0.25	0.5	1	1	0.25	0.5	1
ERR1042690	1	1	1	0.25	1	1	1	0.25	0.5	1
ERR1042691	1	1	1	0.25	1	1	1	0.5	0.5	1
ERR1042692	1	1	1	0.25	0.5	1	1	0.5	0.5	1
ERR1042693	1	1	1	0.5	0.5	1	1	0.25	0.5	1
ERR1042694	1	1	1	0.25	0.25	1	1	0.25	0.5	1
ERR1042695	1	1	1	0.25	0.5	1	1	0.5	0.5	1
ERR1042696	1	1	1	0.25	0.25	1	1	0.25	0.5	1
ERR1042697	1	1	1	0.25	0.25	1	1	0.25	0.25	1
ERR1042698	1	1	1	0.25	1	1	1	0.5	0.5	1
ERR1042699	1	1	1	0.25	0.5	1	1	0.25	0.5	1
ERR1042700	1	1	1	0.25	1	1	1	0.5	0.5	1
ERR1042701	1	1	1	0.25	1	1	1	0.5	0.5	1
ERR1042702	1	1	1	0.25	1	1	1	0.5	0.5	1
ERR1042703	1	1	1	0.25	0.5	1	1	0.25	0.25	1
ERR1042704	1	1	1	0.25	0.5	1	1	0.25	0.5	1
ERR1042705	1	1	1	0.25	1	1	1	0.5	0.5	1
ERR1042706	1	1	1	0.25	0.5	1	1	0.5	0.5	1
ERR1042707	1	1	1	0.25	1	1	1	0.25	0.5	1
ERR1042708	1	1	1	0.25	0.5	1	1	0.25	0.25	1
ERR1042709	1	1	1	0.25	0.25	1	1	0.25	0.5	1
ERR1042710	1	1	1	0.25	1	1	1	0.5	0.5	1
ERR1042711	1	1	1	0.25	1	1	1	0.25	0.5	1
ERR1042712	1	1	1	0.25	1	1	1	0.25	0.5	1
ERR1042713	1	1	1	0.25	0.5	1	1	0.25	0.5	1
ERR1042714	1	1	1	0.25	1	1	1	0.25	0.5	1
ERR1042715	1	1	1	0.25	1	1	1	0.25	0.5	1
ERR1042716	1	1	1	0.25	1	1	1	0.25	0.5	1
ERR1042717	1	1	1	0.25	1	1	1	0.25	0.5	1
ERR1042718	1	1	1	0.25	1	1	1	0.25	0.5	1
ERR1042719	1	1	1	0.25	0.5	1	1	0.25	0.5	1
ERR1042720	1	1	1	0.25	0.5	1	1	0.25	0.5	1
ERR1042721	1	1	1	0.25	0.25	1	1	0.25	0.5	1
ERR1042722	1	1	1	0.25	1	1	1	0.25	0.5	1
ERR1042723	1	1	1	0.25	1	1	1	0.25	0.5	1
ERR1042724	1	1	1	0.25	1	1	1	0.25	0.5	1
ERR1042725	1	1	1	0.25	1	1	1	0.25	0.5	1
ERR1042726	1	1	1	0.25	0.5	1	1	0.5	0.5	1
ERR1042727	1	1	1	0.25	1	1	1	0.25	0.5	1
ERR1042728	1	1	1	0.25	1	1	1	0.25	0.5	1
ERR1042729	1	1	1	0.25	0.25	1	1	0.25	0.25	1
ERR1042730	1	1	1	0.25	1	1	1	0.25	0.5	1
ERR1042731	1	1	1	0.25	0.5	1	1	0.25	0.5	1
ERR1042732	1	1	1	0.25	1	1	1	0.25	0.5	1
ERR1042733	1	1	1	0.25	1	1	1	0.25	0.5	1
ERR1042734	1	1	1	0.25	1	1	1	0.25	0.5	1
ERR1042735	1	1	1	0.25	1	1	1	0.25	0.5	1
ERR1042736	1	1	1	0.25	1	1	1	0.25	0.5	1
ERR1042737	1	1	1	0.25	0.5	1	1	0.25	0.5	1
ERR1042738	1	1	1	0.25	1	1	1	0.25	0.5	1
ERR1042739	1	1	1	0.25	1	1	1	0.25	0.5	1
ERR1042740	1	1	1	0.25	1	1	1	0.25	0.5	1
ERR1042741	1	1	1	0.25	1	1	1	0.25	0.5	1
ERR1042742	1	1	1	0.25	0.25	1	1	0.25	0.25	1
ERR1042743	1	1	1	0.25	0.25	1	1	0.25	0.5	1
ERR1042744	1	1	1	0.25	0.5	1	1	0.25	0.25	1
ERR1042745	1	1	1	0.25	1	1	1	0.25	0.5	1
ERR1042746	1	1	1	0.25	1	1	1	0.25	0.5	1
ERR1042747	1	1	1	0.25	0.25	1	1	0.25	0.25	1
ERR1042748	1	1	1	0.25	0.5	1	1	0.25	0.5	1
ERR1042749	1	1	1	0.25	1	1	1	0.25	0.5	1
ERR1042750	1	1	1	0.25	1	1	1	0.25	0.5	1
ERR1042751	1	1	1	0.25	0.25	1	1	0.25	0.25	1
ERR1042752	1	1	1	0.25	1	1	1	0.25	0.5	1
ERR1042753	1	1	1	0.25	0.5	1	1	0.25	0.25	1
ERR1042754	1	1	1	0.25	1	1	1	0.5	0.25	1
ERR1042755	1	1	1	0.25	0.5	1	1	0.25	0.25	1
ERR1042756	1	1	1	0.25	1	1	1	0.5	0.25	1
ERR1042757	1	1	1	0.25	0.5	1	1	0.5	0.25	1
ERR1042758	1	1	1	0.25	0.5	1	1	0.25	0.25	1
ERR1042759	1	1	1	0.25	1	1	1	0.5	0.25	1
ERR1042760	1	1	1	0.25	0.5	1	1	0.25	0.25	1
ERR1042761	1	1	1	0.25	1	1	1	0.5	0.25	1
ERR1042762	1	1	1	0.25	1	1	1	0.5	0.25	1
ERR1042763	1	1	1	0.25	0.5	1	1	0.25	0.25	1
ERR1042764	1	1	1	0.25	1	1	1	0.25	0.25	1
ERR1042765	1	1	1	0.25	0.5	1	1	0.25	0.25	1
ERR1042766	1	1	1	0.25	1	1	1	0.25	0.25	1
ERR1042767	1	1	1	0.25	1	1	1	0.25	0.25	1
ERR1042768	1	1	1	0.25	0.5	1	1	0.25	0.25	1
ERR1042769	1	1	1	0.25	0.5	1	1	0.25	0.25	1
ERR1042770	1	1	1	0.25	0.5	1	1	0.25	0.25	1
ERR1042771	1	1	1	0.25	0.5	1	1	0.25	0.25	1
ERR1042772	1	1	1	0.25	1	1	1	0.25	0.5	1
ERR1042773	1	1	1	0.25	1	1	1	0.25	0.25	1
ERR1042774	1	1	1	0.25	1	1	1	0.25	0.5	1
ERR1042775	1	1	1	0.25	1	1	1	0.25	0.5	1
ERR1042776	1	1	1	0.25	1	1	1	0.25	0.5	1
ERR1042777	1	1	1	0.25	1	1	1	0.5	0.5	1
ERR1042778	1	1	1	0.25	1	1	1	0.25	0.5	1
ERR1042779	1	1	1	0.25	0.5	1	1	0.25	0.25	1
ERR1042780	1	1	1	0.25	1	1	1	0.25	0.5	1
ERR1042781	1	1	1	0.25	1	1	1	0.25	0.5	1
ERR1042782	1	1	1	0.25	1	1	1	0.25	0.5	1
ERR1042783	1	1	1	0.25	1	1	1	0.25	0.5	1
ERR1042784	1	1	1	0.25	1	1	1	0.25	0.5	1
ERR1042785	1	1	1	0.25	1	1	1	0.25	0.5	1
ERR1042786	1	1	1	0.25	1	1	1	0.25	0.5	1
ERR1042787	1	1	1	0.25	1	1	1	0.25	0.5	1
ERR1042788	1	1	1	0.25	1	1	1	0.25	0.5	1
ERR1042789	1	1	1	0.25	1	1	1	0.25	0.5	1
ERR1042790	1	1	1	0.25	1	1	1	0.5	0.5	1
ERR1042791	1	1	1	0.25	1	1	1	0.25	0.5	1
ERR1042792	1	1	1	0.25	1	1	1	0.25	0.5	1
ERR1042793	1	1	1	0.25	1	1	1	0.25	0.5	1
ERR1042794	1	1	1	0.25	1	1	1	0.25	0.5	1
ERR1042795	1	1	1	0.25	1	1	1	0.25	0.5	1
ERR1042796	1	1	1	0.25	1	1	1	0.25	0.5	1
ERR1042797	1	1	1	0.25	1	1	1	0.25	0.5	1
ERR1042798	1	1	1	0.25	1	1	1	0.25	0.5	1
ERR1042799	1	1	1	0.25	1	1	1	0.25	0.5	1
ERR1042800	1	1	1	0.25	1	1	1	0.25	0.5	1
ERR1042801	1	1	1	0.25	1	1	1	0.25	0.5	1
ERR1042802	1	1	1	0.25	1	1	1	0.25	0.5	1
ERR1042803	1	1	1	0.25	1	1	1	0.25	0.5	1
ERR1042804	1	1	1	0.25	1	1	1	0.25	0.5	1
ERR1042805	1	1	1	0.25	0.5	1	1	0.25	0.5	1
ERR1042806	1	1	1	0.5	1	1	1	0.25	0.5	1
ERR1042807	1	1	1	0.25	0.5	1	1	0.25	0.5	1
ERR1042808	1	1	1	0.25	1	1	1	0.25	0.5	1
ERR1042809	1	1	1	0.25	0.5	1	1	0.25	0.5	1
ERR1042810	1	1	1	0.25	1	1	1	0.25	0.5	1
ERR1042811	1	1	1	0.25	1	1	1	0.25	0.5	1
ERR1042812	1	1	1	0.25	0.5	1	1	0.25	0.5	1
ERR1042813	1	1	1	0.25	1	1	1	0.25	0.5	1
ERR1042814	1	1	1	0.25	1	1	1	0.25	0.5	1
ERR1042815	1	1	1	0.25	1	1	1	0.5	0.5	1
ERR1042816	1	1	1	0.25	1	1	1	0.25	0.5	1
ERR1042817	1	1	1	0.25	0.5	1	1	0.25	0.5	1
ERR1042818	1	1	1	0.25	1	1	1	0.25	0.5	1
ERR1042819	1	1	1	0.25	1	1	1	0.25	0.5	1
ERR1042820	1	1	1	0.25	1	1	1	0.25	0.5	1
ERR1042821	1	1	1	0.25	1	1	1	0.25	0.5	1
ERR1042822	1	1	1	0.25	1	1	1	0.25	0.5	1
ERR1042823	1	1	1	0.25	1	1	1	0.25	0.5	1
ERR1042824	1	1	1	0.25	1	1	1	0.25	0.5	1
ERR1042825	1	1	1	0.25	1	1	1	0.25	0.5	1
ERR1042826	1	1	1	0.25	1	1	1	0.25	0.5	1
ERR1042827	1	1	1	0.25	1	1	1	0.25	0.5	1
ERR1042828	1	1	1	0.25	1	1	1	0.25	0.5	1
ERR1042829	1	1	1	0.25	1	1	1	0.25	0.5	1
ERR1042830	1	1	1	0.25	1	1	1	0.25	0.5	1
ERR1042831	1	1	1	0.25	1	1	1	0.25	0.5	1
ERR1042832	1	1	1	0.25	1	1	1	0.25	0.5	1
ERR1042833	1	1	1	0.25	0.5	1	1	0.25	0.5	1
ERR1042834	1	1	1	0.25	1	1	1	0.25	0.5	1
ERR1042835	1	1	1	0.25	1	1	1	0.25	0.5	1
ERR1042836	1	1	1	0.25	0.5	1	1	0.25	0.25	1
ERR1042837	1	1	1	0.25	1	1	1	0.25	0.5	1
ERR1042838	1	1	1	0.25	1	1	1	0.25	0.5	1
ERR1042839	1	1	1	0.25	1	1	1	0.25	0.5	1
ERR1042840	1	1	1	0.25	1	1	1	0.25	0.5	1
ERR1042841	1	1	1	0.5	0.5	1	1	0.25	0.5	1
ERR1042842	1	1	1	0.25	1	1	1	0.25	0.5	1
ERR1042843	1	1	1	0.25	1	1	1	0.25	0.5	1
ERR1042844	1	1	1	0.25	0.5	1	1	0.25	0.5	1
ERR1042845	1	1	1	0.25	0.5	1	1	0.25	0.5	1
ERR1042846	1	1	1	0.25	1	1	1	0.25	0.5	1
ERR1042847	1	1	1	0.25	0.5	1	1	0.25	0.25	1
ERR1042848	1	1	1	0.25	0.5	1	1	0.25	0.5	1
ERR1042849	1	1	1	0.25	1	1	1	0.25	0.5	1
ERR1042850	1	1	1	0.25	1	1	1	0.25	0.5	1
ERR1042851	1	1	1	0.5	0.5	1	1	0.25	0.5	1
ERR1042852	1	1	1	0.25	1	1	1	0.25	0.5	1
ERR1042853	1	1	1	0.25	0.5	1	1	0.25	0.5	1
ERR1042854	1	1	1	0.25	1	1	1	0.25	0.5	1
ERR1042855	1	1	1	0.25	1	1	1	0.25	0.5	1
ERR1042856	1	1	1	0.25	1	1	1	0.25	0.5	1
ERR1042857	1	1	1	0.25	1	1	1	0.25	0.5	1
ERR1042858	1	1	1	0.25	1	1	1	0.25	0.5	1
ERR1042859	1	1	1	0.25	1	1	1	0.25	0.5	1
ERR1042860	1	1	1	0.25	1	1	1	0.25	0.5	1
ERR1042861	1	1	1	0.25	1	1	1	0.25	0.5	1
ERR1042862	1	1	1	0.25	0.5	1	1	0.25	0.25	1
ERR1042863	1	1	1	0.25	1	1	1	0.25	0.5	1
ERR1042864	1	1	1	0.25	1	1	1	0.25	0.5	1
ERR1042865	1	1	1	0.25	1	1	1	0.25	0.5	1
ERR1042866	1	1	1	0.25	1	1	1	0.25	0.5	1
ERR1042867	1	1	1	0.25	1	1	1	0.25	0.5	1
ERR1042868	1	1	1	0.25	0.5	1	1	0.25	0.5	1
ERR1042869	1	1	1	0.25	1	1	1	0.25	0.5	1
ERR1042870	1	1	1	0.25	1	1	1	0.25	0.5	1
ERR1042871	1	1	1	0.25	1	1	1	0.5	0.25	1
ERR1307208	1	1	1	0.25	1	1	1	0.25	0.5	1
ERR1307209	1	1	1	0.25	1	1	1	0.25	0.5	1
ERR1307210	1	1	1	0.25	1	1	1	0.5	0.5	1
ERR1307211	1	1	1	0.25	1	1	1	0.5	0.5	1
ERR1307212	1	1	1	0.25	1	1	1	0.25	0.5	1
ERR1307213	1	1	1	0.25	1	1	1	0.25	0.5	1
ERR1307214	1	1	1	0.25	1	1	1	0.5	0.5	1
ERR1307215	1	1	1	0.25	1	1	1	0.5	0.5	1
ERR1307216	1	1	1	0.25	1	1	1	0.5	0.5	1
ERR1307217	1	1	1	0.25	1	1	1	0.5	0.5	1
ERR1307218	1	1	1	0.25	1	1	1	0.5	0.5	1
ERR1307219	1	1	1	0.25	1	1	1	0.5	0.5	1
ERR1307220	1	1	1	0.25	1	1	1	0.5	0.5	1
ERR1307221	1	1	1	0.25	1	1	1	0.5	0.5	1
ERR1307222	1	1	1	0.25	1	1	1	0.5	1	1
ERR1307223	1	1	1	0.25	1	1	1	0.5	0.5	1
ERR1307224	1	1	1	0.25	1	1	1	0.5	0.5	1
ERR1307225	1	1	1	0.25	1	1	1	0.5	0.5	1
ERR1307226	1	1	1	0.25	1	1	1	0.5	0.5	1
ERR1307227	1	1	1	0.25	1	1	1	0.5	0.5	1
ERR1307228	1	1	1	0.25	1	1	1	0.5	0.5	1
ERR1307229	1	1	1	0.25	1	1	1	0.5	0.5	1
ERR1307230	1	1	1	0.25	1	1	1	0.5	0.5	1
ERR1307231	1	1	1	0.25	1	1	1	0.5	0.5	1
ERR1307232	1	1	1	0.25	1	1	1	0.5	0.5	1
ERR1307233	1	1	1	0.25	1	1	1	0.5	0.5	1
ERR1307234	1	1	1	0.25	1	1	1	0.5	0.5	1
ERR1307235	1	1	1	0.25	1	1	1	0.25	0.5	1
ERR1307236	1	1	1	0.25	0.5	1	1	0.5	0.25	1
ERR1307237	1	1	1	0.25	1	1	1	0.5	0.5	1
ERR1307238	1	1	1	0.25	1	1	1	0.5	0.5	1
ERR1307239	1	1	1	0.25	1	1	1	0.5	0.5	1
ERR1307240	1	1	1	0.25	1	1	1	0.5	0.5	1
ERR1307241	1	1	1	0.25	1	1	1	0.25	0.5	1
ERR1307242	1	1	1	0.25	1	1	1	0.25	0.5	1
ERR1307243	1	1	1	0.25	1	1	1	0.25	0.5	1
ERR1307244	1	1	1	0.25	1	1	1	0.5	0.5	1
ERR1307245	1	1	1	0.25	1	1	1	0.5	1	1
ERR1307246	1	1	1	0.25	1	1	1	1	1	1
ERR1307247	1	1	1	0.25	1	1	1	0.5	1	1
ERR1307248	1	1	1	0.25	1	1	1	0.5	1	1
ERR1307249	1	1	1	0.25	1	1	1	0.5	1	1
ERR1307250	1	1	1	0.25	1	1	1	0.5	0.5	1
ERR1307251	1	1	1	0.25	1	1	1	1	0.5	1
ERR1307252	1	1	1	0.25	1	1	1	0.25	0.5	1
ERR1307253	1	1	1	0.25	1	1	1	0.25	0.5	1
ERR1307254	1	1	1	0.25	1	1	1	0.5	0.5	1
ERR1307255	1	1	1	0.25	1	1	1	1	0.5	1
ERR1307256	1	1	1	0.25	1	1	1	0.25	0.5	1
ERR1307257	1	1	1	0.25	1	1	1	0.5	0.5	1
ERR1307258	1	1	1	0.25	1	1	1	0.5	0.5	1
ERR1307259	1	1	1	0.25	1	1	1	0.5	0.5	1
ERR1307260	1	1	1	0.25	1	1	1	0.5	0.5	1
ERR1307261	1	1	1	0.25	1	1	1	0.25	0.5	1
ERR1307262	1	1	1	0.25	1	1	1	0.5	0.5	1
ERR1307263	1	1	1	0.25	1	1	1	0.5	0.5	1
ERR1307264	1	1	1	0.25	1	1	1	1	0.5	1
ERR1307265	1	1	1	0.25	1	1	1	0.25	0.5	1
ERR1307266	1	1	1	0.25	1	1	1	0.5	0.5	1
ERR1307267	1	1	1	0.25	1	1	1	0.5	0.5	1
