Sample	Uniquely mapped	Mapped to multiple loci	Mapped to too many loci	Unmapped: too short	Unmapped: other
ERR1041403	3611622	1113928	44115	119535	51864
ERR1041404	1654133	522518	19731	71943	18500
ERR1041405	3712422	1321615	51393	324246	43669
ERR1041406	3578927	1047990	41281	176183	42460
ERR1041407	1769870	499840	17357	79986	16188
ERR1041408	2959938	770665	27348	76393	22763
ERR1041409	3386385	1160244	45612	149090	47460
ERR1041410	6355991	2543823	126901	340729	47062
ERR1041411	8976195	2489026	106543	356835	86506
ERR1041412	4673783	1506795	67100	287492	68734
ERR1041413	6901585	1645191	67090	281094	53712
ERR1041414	4114830	797054	24002	601537	10544
ERR1041415	6768442	1261724	41795	437184	18785
ERR1041416	5521889	1900594	45235	421841	18169
ERR1041417	4674653	1735701	70700	294242	74587
ERR1041418	3842307	1404391	52271	210726	48929
ERR1041419	3306910	1265956	50156	160429	55738
ERR1041420	9352397	3216292	98896	433789	76473
ERR1041421	7069622	2106366	91098	267189	39264
ERR1041422	5754784	1503981	73367	169638	42221
ERR1041423	5948949	1525845	56144	177610	34126
ERR1041424	11626447	5540423	371493	1170374	576510
ERR1041425	6246273	1912823	87822	248628	82305
ERR1041426	6191129	1810942	73536	207500	57500
ERR1041427	5836825	1900807	90070	257787	88920
ERR1041428	4975833	1380236	58247	149535	53595
ERR1041429	3807205	1134625	57066	154988	52530
ERR1041430	3361958	1013726	52526	128806	44622
ERR1041431	1948972	772060	38370	119305	21191
ERR1041432	2459287	748099	33594	80418	27476
ERR1041433	551245	200359	8536	57141	5098
ERR1041434	941161	364696	16006	111560	9236
ERR1041435	2692695	918673	44209	213350	25306
ERR1041436	723752	345230	14993	228091	7519
ERR1041437	947584	404534	20024	234007	12623
ERR1041438	112451	49524	2384	21303	1666
ERR1041439	1232584	449235	21699	206964	17151
ERR1041440	1172804	472606	12957	79122	8733
ERR1041441	7438411	2066968	83206	244359	56391
ERR1041442	3964370	1119231	51176	198424	32177
ERR1041443	5318143	2271065	121686	292504	137697
ERR1041444	5117241	2242075	124227	209168	130828
ERR1041445	5428344	2102207	114907	226377	112392
ERR1041446	4967766	2304404	97250	491908	110021
ERR1041447	9692973	4691515	231069	631501	230622
ERR1041448	6766710	3735969	182359	400875	236674
ERR1041449	5769974	2511735	110172	193939	116538
ERR1041450	7239899	3682569	141396	1042825	60842
ERR1041451	6035087	2829304	122419	384666	113694
ERR1041452	1979742	686210	36539	86571	34121
ERR1041453	4713743	1765557	123193	320664	155023
ERR1041454	2845392	817183	39318	100679	29093
ERR1041455	4713912	1415435	74784	164279	76020
ERR1041456	3970852	1363297	80189	311336	79576
ERR1041457	3520969	1269458	86874	414506	86020
ERR1041458	5416415	1695631	62453	346952	26399
ERR1041459	8103762	2970347	172587	633159	167636
ERR1041460	4872085	1760733	101296	290432	99658
ERR1041461	6076473	1960208	103779	341019	86540
ERR1041462	5175401	1715456	64115	411753	33265
ERR1041463	5919838	2394980	142518	395894	144861
ERR1041464	6925694	2509937	133156	310217	89773
ERR1041465	5078652	1729666	89165	261503	82580
ERR1041466	4453817	1879376	84607	367753	34797
ERR1041467	3813272	1573212	63566	1036390	20832
ERR1041468	10373628	3009000	134632	356504	85281
ERR1041469	12056544	3350918	126701	434901	80240
ERR1041470	9794514	2742980	116377	294070	80674
ERR1041471	10331143	3322317	154057	566169	143720
ERR1041472	6561163	2058531	117434	506176	84829
ERR1041473	10875770	3459527	172325	598367	120282
ERR1041474	10694795	3127876	104923	435857	66389
ERR1041475	7716476	2166885	83946	309971	58894
ERR1041476	7915518	2087115	80157	295446	56375
ERR1041477	4587741	1380202	66693	163181	52518
ERR1041478	3754505	1242384	55272	125055	44476
ERR1041479	5183274	1589686	90192	195516	84200
ERR1041480	5145722	1646627	77156	176332	49060
ERR1041481	7550856	2379579	131854	320872	120589
ERR1041482	6710956	2051634	103062	257373	80889
ERR1041483	7596595	2328246	119603	257566	98664
ERR1041484	7600361	2458432	119024	271965	102250
ERR1041485	5588095	1766819	95492	217308	90804
ERR1041486	5284394	1573653	138879	477594	228783
ERR1041487	6922898	2245263	111554	268925	90606
ERR1041488	7114361	2808189	132374	342829	125143
ERR1041489	4947050	1814574	107878	221561	100710
ERR1041490	7579361	2618157	150121	241077	141432
ERR1041491	6995225	2667780	147599	246908	147940
ERR1041492	9411332	3426047	200369	503101	187806
ERR1041493	4082811	1357839	73803	202288	59531
ERR1041494	6244403	2330161	139312	376583	136604
ERR1041495	6636565	2290438	124459	252322	91924
ERR1041496	7227688	2438268	124543	228676	99161
ERR1041497	4890145	1978515	113484	375644	121224
ERR1041498	6441730	2571008	141602	412321	163372
ERR1041499	6533671	2346858	140246	289029	121845
ERR1041500	6967489	2970741	134537	1051658	71602
ERR1041501	8463866	3628424	214475	511680	179218
ERR1041502	8263662	2881354	162849	333455	129611
ERR1041503	6908719	2643189	146392	894953	163501
ERR1041504	4258304	1510580	85195	164843	76643
ERR1041505	6356441	2188535	116383	358575	90099
ERR1041506	15562352	5425796	284435	867971	228178
ERR1041507	5074542	1669219	86410	154944	59865
ERR1041508	5570112	1785880	79622	280895	43453
ERR1041509	9224915	2996800	167218	307173	160656
ERR1041510	8242433	2759116	139960	269852	115322
ERR1041511	3548006	1125879	40533	433934	39449
ERR1041512	3736811	1155547	53518	449108	44639
ERR1041513	4649609	1425098	62411	191267	58851
ERR1041514	4449745	1451988	64180	358473	51028
ERR1041515	3943517	1223814	53569	734595	29935
ERR1041516	3897028	1227660	59854	241585	50947
ERR1041517	4822512	1472317	83493	332142	102093
ERR1041518	3561017	1331681	46183	426624	28585
ERR1041519	2042479	1214064	51548	1816683	13358
ERR1041520	2881467	2089200	109738	2847205	19071
ERR1041521	3780909	2096011	103250	2190508	31164
ERR1041522	4403276	1571469	71875	427534	59398
ERR1041523	5983367	1925917	116929	152532	106109
ERR1041524	4277026	1964845	87367	738157	57001
ERR1041525	6484837	2641933	133952	1247269	129724
ERR1041526	431677	302724	13165	158327	7213
ERR1041527	48579	37435	1833	16307	607
ERR1041528	2272533	912422	41006	115920	33120
ERR1041529	1006049	427805	18863	51993	15051
ERR1041530	567881	224307	8989	27941	5254
ERR1041531	2230597	875561	25508	146407	13489
ERR1041532	1325968	598909	25492	212421	18775
ERR1041533	678052	415973	17753	176542	8302
ERR1041534	699826	421153	16994	144528	7872
ERR1041535	1023384	486867	21132	149062	14229
ERR1041536	1326533	650702	25310	130767	14816
ERR1041537	1217462	552868	24731	149477	15693
ERR1041538	2152460	947017	39935	140141	27433
ERR1041539	3699170	1525102	65296	166028	50195
ERR1041540	1104794	507887	20069	95713	11137
ERR1041541	1750630	773504	30425	75950	18855
ERR1041542	2028323	830927	34183	119875	23065
ERR1041543	1190326	516780	21025	66228	13390
ERR1041544	1734232	760170	33562	114828	22380
ERR1041545	893822	392607	17546	53603	13572
ERR1041546	746584	313617	12738	55930	11529
ERR1041547	1093914	504940	21792	68552	15688
ERR1041548	5377388	2689268	115632	349818	84439
ERR1041549	4903112	2374432	101995	305585	67477
ERR1041550	5363367	1987865	91031	175281	73802
ERR1041551	10630608	4166301	180159	410737	146247
ERR1041552	5730336	2231389	97802	283416	77372
ERR1041553	6273685	2377219	98535	401499	91586
ERR1041554	3260789	1518080	65992	173279	48133
ERR1041555	5322814	2407461	111225	243641	87482
ERR1041556	6189764	2518404	107802	207525	95570
ERR1041557	6302200	2452060	118493	272044	105486
ERR1041558	2785999	1910657	81295	481868	34949
ERR1041559	3596925	1153521	54126	122773	46723
ERR1041560	1485096	579586	25253	57814	20571
ERR1041561	1157279	528418	18490	90654	11377
ERR1041562	2310204	941087	41445	74360	32936
ERR1041563	1504509	651186	27667	41308	25818
ERR1041564	748828	359509	14188	115816	8736
ERR1041565	758552	416177	17504	208430	9589
ERR1041566	1725725	428890	43520	42258	57874
ERR1041567	7138837	1712415	127007	191719	138670
ERR1041568	6474065	1837596	180888	269878	223100
ERR1041569	11538156	2884843	323947	311929	547435
ERR1041570	10958585	2845384	234692	350504	294776
ERR1041571	10044028	2916290	267143	405602	437993
ERR1041572	12599858	3317258	260771	298909	330814
ERR1041573	46725	14960	1925	3250	2153
ERR1041574	8407896	2126507	187068	378189	219667
ERR1041575	9169951	2437191	224861	421629	294890
ERR1041576	5816939	1705794	72636	517877	65450
ERR1041577	2055989	564677	32548	263092	30935
ERR1041578	3665543	1053132	72765	354367	79328
ERR1041579	6970181	1840067	147876	223964	184607
ERR1041580	7728270	2209517	166636	325874	176205
ERR1041581	9868468	2399287	150957	168229	163132
ERR1041582	10244765	2658237	238089	185353	323004
ERR1041583	10354089	2637937	224810	230371	283851
ERR1041584	3042623	828950	57703	108089	69046
ERR1041585	1460511	327078	38801	93400	41010
ERR1041586	829133	205486	15172	294261	15087
ERR1041587	1901708	512603	39010	80101	50128
ERR1041588	618370	193949	14989	144621	16410
ERR1041589	2677078	798817	77890	213579	103307
ERR1041590	896502	248477	21163	64920	15326
ERR1041591	2750272	953698	109817	303473	127331
ERR1041592	1533072	456242	34000	362340	32896
ERR1041593	1387861	368186	27738	227342	27730
ERR1041594	7432577	1921473	134833	294179	152058
ERR1041595	1044708	265490	18786	267859	17266
ERR1041596	1833161	603312	56849	521621	49343
ERR1041597	1468207	420605	32553	504386	27722
ERR1041598	2544265	809214	52924	576453	52038
ERR1041599	3213921	820577	52404	108600	53452
ERR1041600	4191973	1148231	64347	273850	69467
ERR1041601	7789702	1883696	100627	258902	99111
ERR1041602	3589858	925463	50247	140961	44139
ERR1041603	9752757	2358818	141049	154573	150802
ERR1041604	1919867	494279	29728	83950	25006
ERR1041605	5742471	1446638	99649	316284	104914
ERR1041606	2223409	582787	28038	310241	19944
ERR1041607	3484799	933995	44917	346509	31501
ERR1041608	6908931	1818686	83935	348782	74739
ERR1041609	5986860	1428144	81132	208631	89525
ERR1041610	4020399	1112537	43909	423730	37189
ERR1041611	5407074	1477425	71943	206154	59828
ERR1041612	2391531	604432	34716	512551	23184
ERR1041613	5277473	1556477	91008	939475	60202
ERR1041614	6046292	1862955	79654	246455	55597
ERR1041615	5949313	1598164	61449	172266	37415
ERR1041616	3911484	1022448	38803	109317	25031
ERR1041617	7414352	2049027	120927	363004	101561
ERR1041618	7453795	2115340	95380	316843	64374
ERR1041619	957458	427622	20836	86167	12632
ERR1041620	898681	606892	23056	1080068	8111
ERR1041621	155384	97880	4387	198138	1830
ERR1041622	444321	346737	15611	794037	3530
ERR1041623	1230651	770749	31710	309989	10827
ERR1041624	3720689	2367720	96609	590299	43625
ERR1041625	152122	151447	6704	236562	1590
ERR1041626	1899024	1374841	55914	1259687	18891
ERR1041627	375693	370340	20788	1485576	5872
ERR1041628	359134	448533	24494	1690447	4043
ERR1041629	950364	1024287	43938	2182522	10106
ERR1041630	2640059	1651502	86156	2278097	39497
ERR1041631	790282	640955	30248	1042078	9298
ERR1041632	1479553	1665770	92051	6337507	17266
ERR1041633	2362995	1826902	80211	2305002	37028
ERR1041634	3122725	2241664	96044	1487544	39127
ERR1041635	1134962	835885	36770	1982793	18036
ERR1041636	1778467	1640929	76138	1136920	22338
ERR1041637	1520206	1512494	97470	9077412	35502
ERR1041638	3001688	2271561	111651	3545697	49395
ERR1041639	2573954	2326123	101415	5472895	31520
ERR1041640	2107672	1887207	82813	3261955	25783
ERR1041641	1829376	1223192	66395	1816202	40305
ERR1041642	937564	927009	54919	3056755	21491
ERR1041643	3901467	3177383	164186	7041285	92024
ERR1041644	1736411	1548129	75777	3858607	27536
ERR1041645	2640088	2066687	96882	3057101	48249
ERR1041646	1486439	1281418	70735	4190718	38162
ERR1041647	1413523	1138542	64701	3101607	34520
ERR1041648	3345964	2223349	98349	2297546	52126
ERR1041649	2923011	2053975	97870	3601176	50610
ERR1041650	1253693	1090196	55819	2433776	26734
ERR1041651	1500780	454595	26747	145576	23223
ERR1041652	312814	129510	13132	86993	8931
ERR1041653	1233123	365103	22447	293380	26777
ERR1041654	4606082	1395033	68366	308287	57924
ERR1041655	1125135	441218	23350	290553	9830
ERR1041656	4297692	1201517	69520	223043	48462
ERR1041657	4143701	1735748	108295	727724	69178
ERR1041658	8778528	3003802	164836	535531	118447
ERR1041659	4771665	1929307	130530	801021	81800
ERR1041660	5713172	1586914	76470	498172	81968
ERR1041661	4996953	1566014	109964	555983	74521
ERR1041662	5569291	1944962	100807	310309	63181
ERR1041663	2372073	767670	37943	303595	31625
ERR1041664	2892337	1532432	64320	264372	32568
ERR1041665	1254397	629837	20731	68456	6925
ERR1041666	478561	256406	8861	29325	2638
ERR1041667	4679549	2695750	91594	258885	27904
ERR1041668	647992	318459	11614	44887	3689
ERR1041669	6510280	3582292	127587	265838	40979
ERR1041670	362765	201315	7201	27845	1864
ERR1041671	1611015	996206	36586	170525	9599
ERR1041672	115433	65155	2413	10993	1289
ERR1041673	6507555	3301614	109924	438779	47829
ERR1041674	3434237	1760603	68025	497336	26633
ERR1041675	8265114	4305129	166873	804667	62631
ERR1041676	5332316	3512945	142220	2003953	48581
ERR1041677	9268843	5181398	189796	707318	69345
ERR1041678	3307785	2145512	84492	474329	27156
ERR1041679	1221491	789988	29900	348623	11045
ERR1041680	3044335	1882675	69887	729514	25314
ERR1041681	2307155	1347086	55010	1621530	18189
ERR1041682	4143047	2651695	88923	810045	23166
ERR1041683	48713	31673	1052	9543	246
ERR1041684	2106890	1531728	58745	2009555	12009
ERR1041685	6336030	4387397	141371	1041974	39432
ERR1041686	4102135	3609946	122231	2284799	34511
ERR1041687	741225	456991	15202	322690	5705
ERR1041688	4071951	2348393	85634	868594	26635
ERR1041689	4765615	2887000	103773	628371	26077
ERR1041690	3127901	1810023	69959	1059781	23767
ERR1041691	2802899	1777420	70669	1392183	21222
ERR1041692	2635384	1575850	62783	1196812	22519
ERR1041693	2890165	2067127	81304	1841343	21395
ERR1041694	1947756	1409973	57640	2668285	13415
ERR1041695	4271937	2642704	96326	2706912	28268
ERR1041696	2596929	1307363	43471	1555277	16005
ERR1041697	5543146	3387931	124119	2635257	32823
ERR1041698	81252	45638	1674	34763	639
ERR1041699	1350112	624240	21488	570086	8240
ERR1041700	7185727	3774365	135742	2271666	49647
ERR1041701	3401028	1764133	66786	1169183	23127
ERR1041702	9225947	4889112	156706	1078868	63191
ERR1041703	1422453	994602	46856	2250245	13237
ERR1041704	985571	1028035	52264	2882080	7929
ERR1041705	3276140	1814191	74017	2782510	23918
ERR1041706	3672699	2269347	96557	2984050	27144
ERR1041707	3599319	2384200	100290	3312311	28270
ERR1041708	9386362	4942779	174453	1192841	45636
ERR1041709	3889803	2287726	89918	1833781	20303
ERR1041710	851780	1366568	73144	4105925	16034
ERR1041711	1764614	2149394	104695	2191316	45027
ERR1041712	5562435	3418228	116746	1402288	43228
ERR1041713	3105259	1897499	75565	1719253	25243
ERR1041714	211866	177597	7794	306737	1270
ERR1041715	2443599	1410426	54262	1124942	19204
ERR1041716	100858	62828	2506	78307	662
ERR1041717	3944531	2324549	88674	1563501	31811
ERR1041718	7300297	2255828	124856	577396	106772
ERR1041719	79645	24954	1015	11873	626
ERR1041720	4244164	1301351	65583	294889	40428
ERR1041721	1007435	306172	14977	114000	13395
ERR1041722	2822615	874686	38510	160065	20401
ERR1041723	5562011	1692644	72086	195501	35477
ERR1041724	4009718	1302179	39522	175523	18826
ERR1041725	350891	213950	9016	106024	3004
ERR1041726	785352	917679	36760	1754791	4900
ERR1041727	841885	772161	35873	1342199	10207
ERR1041728	4105126	1807599	77959	441888	43411
ERR1041729	419091	307480	13748	383448	3269
ERR1041730	635124	645079	29829	716416	8345
ERR1041731	1499790	851018	34919	606799	13230
ERR1041732	6158228	3748737	161720	1737960	58130
ERR1041733	2575881	1603438	69391	801937	28441
ERR1041734	3052859	2034237	83641	2193441	31060
ERR1041735	440715	427956	17964	393573	4367
ERR1041736	4038219	2785037	127585	1669520	45052
ERR1041737	4033907	2043754	92027	726250	52818
ERR1041738	6109465	2990835	118535	886217	51772
ERR1041739	3138604	2169795	80116	1685673	22002
ERR1041740	3104870	1872443	69080	1393405	27169
ERR1041741	3667875	1759647	74545	477888	46403
ERR1041742	4279662	2004100	94284	669131	63287
ERR1041743	3003952	1519928	67745	429249	44090
ERR1041744	1738902	840208	37977	274714	29486
ERR1041745	2606118	1377008	66373	497575	51965
ERR1041746	5642399	2516167	102025	417739	64671
ERR1041747	5681148	2562001	111730	496769	76700
ERR1041748	4471757	2000584	85520	473096	60999
ERR1041749	1208660	697874	43029	497493	42308
ERR1041750	2360277	1842559	120894	1575147	40982
ERR1041751	4369295	1448393	102480	486306	60788
ERR1041752	6506366	2056782	99171	300108	42231
ERR1041753	1157730	454828	27161	333479	18516
ERR1041754	6002531	1838629	87831	332728	43976
ERR1041755	5876352	1619813	72314	236125	41577
ERR1041756	448644	151197	8664	32830	4579
ERR1041757	3976093	1493685	81786	568816	32627
ERR1041758	5540110	1399420	117685	174949	104382
ERR1041759	6370119	1945435	89216	252940	54077
ERR1041760	4737999	1478873	64426	201037	30678
ERR1041761	3514060	1111726	56044	159775	34585
ERR1041762	895247	281500	19532	135715	10605
ERR1041763	2040012	923638	45857	826753	20833
ERR1041764	7324614	2080838	80386	356415	35543
ERR1041765	8567951	2128654	80726	217987	38533
ERR1041766	10984010	2494324	88848	205141	41304
ERR1041767	14594179	3312970	129293	330795	92401
ERR1041768	10387079	2516187	95099	309367	53570
ERR1041769	6458877	1766720	50949	232315	21352
ERR1041770	7971086	1857969	137280	618068	140567
ERR1041771	7536709	2213484	102427	413238	69217
ERR1041772	10041745	2938851	124383	326859	68884
ERR1041773	7538872	2146935	88818	431483	76205
ERR1041774	6328389	1940788	83819	335466	45428
ERR1041775	7038016	2388888	100733	323401	49450
ERR1041776	5381527	1765377	85653	329793	47113
ERR1041777	1761879	741159	41869	459229	26675
ERR1041778	1978502	689483	25022	64232	16888
ERR1041779	2237065	794098	31505	59507	20358
ERR1041780	1536684	577985	22555	87201	13416
ERR1041781	9436650	3456715	115874	486275	77424
ERR1041782	10472559	4211543	154776	322976	150008
ERR1041783	3627877	1662702	66767	355606	45531
ERR1041784	9377159	3251772	112131	309217	75994
ERR1041785	6130699	2422979	86263	412331	58254
ERR1041786	3043675	1152690	38448	288901	32353
ERR1041787	5128495	2210769	96272	569271	68635
ERR1041788	3108788	1187896	55488	263528	38645
ERR1041789	5671005	2264965	110989	504488	73302
ERR1041790	3377327	1377402	54399	306868	33982
ERR1041791	3530234	1363681	62829	300741	34416
ERR1041792	6035231	2413437	124429	547171	111649
ERR1041793	7110047	2781609	120766	595689	59782
ERR1041794	7130878	2858729	124464	351875	65318
ERR1041795	5462043	2328791	97503	329581	63763
ERR1041796	5662289	2815490	135531	860661	65765
ERR1041797	20090760	8436218	534744	3382877	334354
ERR1041798	4081462	1824382	80589	687090	40299
ERR1041799	3901315	1284940	97703	787838	67547
ERR1041800	4124889	991823	71313	228571	53041
ERR1041801	2481672	773286	82224	313412	62757
ERR1041802	22922017	5180008	318771	817778	295227
ERR1041803	4958330	1283458	106551	291121	81352
ERR1041804	2862937	752675	67298	197039	50735
ERR1041805	94241	25691	2798	11810	2255
ERR1041806	2411189	566469	41064	106863	36991
ERR1041807	1007524	233518	17759	44023	15816
ERR1041808	8626561	2090459	194301	950162	134366
ERR1041809	2846656	773776	63871	243492	41708
ERR1041810	22211555	6592765	538884	2215220	526516
ERR1041811	5939221	1725543	108297	793004	112790
ERR1041812	6494414	1578368	179463	380935	126978
ERR1041813	550237	122508	10996	26692	14072
ERR1041814	10086970	3227022	335613	1260009	153549
ERR1041815	27408072	9347744	869072	3414099	616956
ERR1041816	43912020	15553469	1586839	6666106	690540
ERR1041817	1047595	370191	45150	274924	31688
ERR1041818	32952821	11778282	1013774	5079545	633013
ERR1041819	4473168	1682848	173183	860058	125060
ERR1041820	11340484	2877615	185978	1128861	178985
ERR1041821	501210	136505	14832	27566	6806
ERR1041822	5067172	1323247	144357	273458	107726
ERR1041823	2643675	755053	65796	223284	29771
ERR1041824	32424950	8207969	755170	737258	417637
ERR1041825	9059289	2380776	228882	500739	134104
ERR1041826	5815770	1591249	143838	162036	58427
ERR1041827	6911197	2108465	203256	688483	100070
ERR1041828	1448202	409788	38378	117810	25478
ERR1041829	6706778	1619697	147409	332010	82559
ERR1041830	3849746	939627	75989	167516	49239
ERR1041831	4099929	1060552	100470	138839	47913
ERR1041832	2162065	555710	39131	69326	22538
ERR1041833	3458940	901558	66783	237575	52323
ERR1041834	2270693	653457	71209	99968	28741
ERR1041835	1210102	300059	27718	56468	17908
ERR1041836	3700811	1463395	130965	665916	95737
ERR1041837	9708433	3144798	256893	228903	53545
ERR1041838	16877082	4764399	454755	494987	156670
ERR1041839	27524082	7569361	506877	669116	223038
ERR1041840	20151628	5589546	466405	853721	248207
ERR1041841	23775471	6303003	400999	771015	213996
ERR1041842	141611	35311	2934	4229	2142
ERR1041843	32896414	9250118	839857	1782548	475044
ERR1041844	9490286	3075041	380557	725093	219472
ERR1041845	16807442	4623366	479033	825172	259734
ERR1041846	4493287	1221921	120882	360491	94369
ERR1041847	3296732	803742	88388	74422	83996
ERR1041848	5791299	1454988	159339	201431	126281
ERR1041849	3322670	951050	121508	144567	117052
ERR1041850	2211052	653563	83420	217425	67298
ERR1041851	1635169	428804	50625	61047	52580
ERR1041852	5523862	1543801	183561	318330	160711
ERR1041853	710267	192977	26345	50773	28465
ERR1041854	825954	210608	37682	70229	41639
ERR1041855	176104	48083	6397	13069	6510
ERR1041856	844147	199226	21797	28818	23679
ERR1041857	4321339	1045706	109338	154874	123784
ERR1041858	3498720	893262	129452	156973	167631
ERR1041859	4962016	1300562	155702	181378	167843
ERR1041860	4194299	1126253	131566	143492	126913
ERR1041861	4835258	1197559	136614	117102	154420
ERR1041862	2056767	518379	60857	57391	68979
ERR1041863	9976548	2515761	253729	248206	257497
ERR1041864	3318550	869986	104612	101593	106988
ERR1041865	4495159	1243102	136989	344531	121189
ERR1041866	1856021	501060	70724	72720	96613
ERR1041867	8408046	1962340	210009	162234	313431
ERR1041868	2732630	666843	68328	192888	95880
ERR1041869	6580212	1596668	156847	183688	181947
ERR1041870	4595682	1144187	126214	95104	137780
ERR1041871	13752146	3147898	311453	273285	341159
ERR1041872	622137	152764	12516	17530	12942
ERR1041873	12836826	2914774	236789	220642	255220
ERR1041874	1637004	468012	72886	56364	102904
ERR1041875	5316732	1363463	186559	136750	268409
ERR1041876	5593626	1499456	166259	304359	146401
ERR1041877	11152956	2931283	303065	274510	410257
ERR1041878	3117276	837411	112502	96829	120394
ERR1041879	272979	75363	9516	24602	10847
ERR1041880	13846568	3259974	299609	530109	282360
ERR1041881	12017180	2789258	207401	252174	235157
ERR1041882	13532780	3178713	260830	246018	205887
ERR1041883	8073279	1964801	159134	246448	192272
ERR1041884	13423749	3053662	218489	265061	244407
ERR1041885	12112472	2761728	214039	343429	238362
ERR1041886	11580050	2771082	226347	302507	316188
ERR1041887	3059218	921768	114757	189851	121575
ERR1041888	660081	203231	23833	60544	27688
ERR1041889	1654960	469681	60035	89851	64815
ERR1041890	3331057	928156	112457	113120	116798
ERR1041891	1616430	431833	48504	63843	54976
ERR1041892	2290932	623462	75172	111322	79834
ERR1041893	1724489	485287	59952	99099	65254
ERR1041894	1260021	408144	62948	107474	63724
ERR1041895	757502	364270	14072	59547	8679
ERR1041896	605250	294807	19300	69832	9790
ERR1041897	3710924	1837214	91390	396709	47459
ERR1041898	3584084	1891479	100109	565993	45156
ERR1041899	788798	417165	18216	83112	11064
ERR1041900	2690482	1427479	78131	589252	42986
ERR1041901	24598487	11095970	448020	1752661	232418
ERR1041902	24349307	13824268	698413	3268966	447512
ERR1041903	2481375	1477747	78378	311045	45251
ERR1041904	2463426	1292017	97881	373200	38813
ERR1041905	2639438	1487386	68907	346870	47259
ERR1041906	6977949	2650715	120292	2438349	63684
ERR1041907	7334005	2468733	175547	155652	224140
ERR1041908	7436608	2417142	119388	360171	74949
ERR1041909	8141462	3033565	159469	1975739	109987
ERR1041910	8633882	3104583	120708	598769	73907
ERR1041911	8997903	3405569	150826	779735	84550
ERR1041912	4138055	1809494	53841	1422022	25327
ERR1041913	1394695	629429	31270	501824	14397
ERR1041914	5467577	2167345	104942	543185	56738
ERR1041915	5432710	2398865	112454	1142331	60363
ERR1041916	2118022	869477	38910	620548	20171
ERR1041917	7512302	2921505	142377	1076707	90410
ERR1041918	5492265	2113782	117294	120859	104956
ERR1041919	5520675	2364438	121243	749654	60783
ERR1041920	2385247	1053663	37707	112065	21328
ERR1041921	1213136	638046	20079	116852	11205
ERR1041922	1306473	638528	20123	116849	6271
ERR1041923	2412284	1074154	33566	160090	18116
ERR1041924	856201	465328	17745	120965	8368
ERR1041925	1912004	960407	33029	162858	19432
ERR1041926	1006845	644300	22400	200918	10932
ERR1041927	4029771	1531870	65506	189825	54068
ERR1041928	4551722	1755131	70083	197899	51626
ERR1041929	4534485	1652443	68832	140655	60649
ERR1041930	1523875	621582	21416	136642	16239
ERR1041931	2148873	1153793	39474	231826	24838
ERR1041932	2478304	1068794	35232	94549	22617
ERR1041933	1723181	702330	18484	75512	12628
ERR1041934	2098741	882191	29935	62646	20368
ERR1041935	7397380	3509550	108682	278606	68230
ERR1041936	1318997	681022	18847	402324	10703
ERR1041937	10198464	4459926	143361	350622	82320
ERR1041938	4189696	2086728	54794	258217	17831
ERR1041939	7114112	3060287	92445	186955	53566
ERR1041940	1792214	846489	22869	82424	14610
ERR1041941	2490478	1211793	34891	116687	20934
ERR1041942	3560424	1757440	53400	217369	28645
ERR1041943	2516214	1469005	46869	499673	20023
ERR1041944	1834094	1040786	33187	322939	20489
ERR1041945	1017105	480165	15215	264432	8035
ERR1041946	906749	405544	12297	62481	9086
ERR1041947	2145527	1236227	38875	809449	18686
ERR1041948	7879678	3895160	121652	428344	64375
ERR1041949	4487169	2277064	97915	934507	96292
ERR1041950	1796248	992656	37771	132516	36877
ERR1041951	734035	181463	12323	24177	18643
ERR1041952	2283504	1309201	62287	552043	53245
ERR1041953	5273381	2429029	103115	401743	77863
ERR1041954	2468398	1397436	46160	492775	39546
ERR1041955	3309974	1891375	67583	434285	31553
ERR1041956	3557701	2019679	70479	284265	45387
ERR1041957	9337412	5638712	205872	1049030	104576
ERR1041958	4725616	2490817	107304	1083485	67771
ERR1041959	11230694	5883697	183654	725353	94296
ERR1041960	6044233	3264703	109196	537688	49971
ERR1041961	8744572	4745917	134223	631694	55738
ERR1041962	6307828	3427080	107866	435712	48527
ERR1041963	13175826	7279910	228742	1177062	105409
ERR1041964	237732	135308	3905	41059	1763
ERR1041965	148052	100829	3393	74614	819
ERR1041966	1616490	1044245	41081	427808	17629
ERR1041967	2345473	732924	42414	147809	39350
ERR1041968	1012862	292842	15598	63929	15248
ERR1041969	784509	235728	14023	25680	12786
ERR1041970	2663358	723331	46226	84300	52866
ERR1041971	2852882	832511	42540	81684	33907
ERR1041972	3951438	1213935	81302	207741	84205
ERR1041973	3228870	975445	76746	168333	105550
ERR1041974	3169765	838601	63041	107381	66635
ERR1041975	2606166	710121	45055	75485	41395
ERR1041976	1367552	411699	22051	73187	17209
ERR1041977	4469617	1293211	89604	384840	82150
ERR1041978	2428631	703492	55774	215668	53226
ERR1041979	4470769	1224146	96917	387168	83949
ERR1041980	7772581	1830334	137123	143371	152395
ERR1041981	1606497	415080	35095	260816	31251
ERR1041982	8033317	2100125	165800	635658	149762
ERR1041983	7024409	2187311	122044	773420	75406
ERR1041984	3158174	947137	71242	315185	71716
ERR1041985	8584666	2648774	222788	303810	291755
ERR1041986	14214547	3463945	235501	290144	273512
ERR1041987	10872145	2794686	244570	299380	316819
ERR1041988	6631007	1765841	143136	145411	174671
ERR1041989	9159476	2342862	201291	437050	242668
ERR1041990	1508281	467993	23731	204416	24272
ERR1041991	5296183	3734830	282738	2151838	241174
ERR1041992	3729530	3484289	225865	905356	82612
ERR1041993	5059560	3607454	176779	798269	91509
ERR1041994	5934348	2708785	124326	587507	62140
ERR1041995	4939608	2220478	95719	662472	43793
ERR1041996	5467350	1928075	89596	1243965	43863
ERR1041997	5546263	2454646	137065	608376	71418
ERR1041998	4953677	2300377	128464	545346	65569
ERR1041999	4562280	2474190	154261	2843143	41307
ERR1042000	6159381	3416338	150345	1671874	31998
ERR1042001	9539843	4510368	198537	1587198	100395
ERR1042002	7898685	3632731	200987	1095323	56699
ERR1042003	7920703	4173672	186328	1474440	85836
ERR1042004	8450193	3754873	226320	643399	82892
ERR1042005	7950542	3738550	231846	873519	79879
ERR1042006	9191334	4680065	344047	1041128	135531
ERR1042007	7675027	2799398	162236	1008148	112931
ERR1042008	4386468	1824941	101720	822092	59029
ERR1042009	2948303	1225987	65568	336809	46202
ERR1042010	5131046	1855321	118967	453459	110487
ERR1042011	6973430	2891307	141109	523380	87053
ERR1042012	1977292	731596	41310	227776	31895
ERR1042013	1607394	578713	25900	124915	20269
ERR1042014	2062416	713620	39476	232694	32670
ERR1042015	1341589	792466	49200	496161	39987
ERR1042016	3497574	1560093	86389	299254	67236
ERR1042017	1467257	534285	29733	138297	23488
ERR1042018	2621737	875621	37619	161243	29046
ERR1042019	2202720	857037	40801	101809	29412
ERR1042020	2388579	1079032	43822	186043	19310
ERR1042021	2767795	963191	47468	177389	34681
ERR1042022	2157356	878876	44175	203021	30138
ERR1042023	2627403	1306626	76965	346510	51580
ERR1042024	3595784	1212507	85374	276388	79343
ERR1042025	1837744	655683	56785	217320	72062
ERR1042026	10041928	3250319	196642	450712	149299
ERR1042027	1581289	706781	24019	306659	23264
ERR1042028	1798332	492952	24630	236377	24746
ERR1042029	4336208	1567789	68476	220131	42405
ERR1042030	5535907	2305813	78727	216413	35116
ERR1042031	3593931	1547524	49354	313728	23751
ERR1042032	4780706	1919799	71817	186080	39874
ERR1042033	2612682	1021746	36100	1068047	26677
ERR1042034	486971	206963	7297	14175	3958
ERR1042035	1015700	454601	14724	25408	6694
ERR1042036	1343710	626003	21385	105162	10537
ERR1042037	492874	199416	6813	18662	4991
ERR1042038	4178580	1579099	62028	109544	49086
ERR1042039	3040898	1350158	48507	107555	23799
ERR1042040	3630015	1407571	56312	135636	35223
ERR1042041	7215960	2766574	99370	185807	49549
ERR1042042	929943	353322	13380	24426	7301
ERR1042043	1482836	580487	19418	51007	10930
ERR1042044	1590183	565257	18384	42545	10024
ERR1042045	1658557	631358	21066	56120	11176
ERR1042046	643786	172475	7142	26933	5045
ERR1042047	1172102	475806	16377	43679	7023
ERR1042048	1891528	600959	25632	61317	19227
ERR1042049	1709594	555459	22276	54924	14851
ERR1042050	5655506	2327376	92424	316688	61649
ERR1042051	2518345	1185555	59235	243632	38042
ERR1042052	3480572	1346744	71869	369457	59624
ERR1042053	3361731	1893115	70347	350133	35984
ERR1042054	850133	339701	12247	81233	7221
ERR1042055	433954	162768	6552	25359	4680
ERR1042056	402011	186082	9653	89711	8846
ERR1042057	225863	132844	5616	108242	4004
ERR1042058	6148901	2367736	80921	123662	43852
ERR1042059	4074432	1425529	53494	108638	28439
ERR1042060	6581688	2034894	77866	193653	55586
ERR1042061	10750758	3355377	145685	507351	123490
ERR1042062	6916309	2468350	85423	199550	48671
ERR1042063	6616892	2325373	82822	210488	48218
ERR1042064	4157343	1332429	46643	151408	28568
ERR1042065	1299697	537816	21762	144756	13931
ERR1042066	1089671	493897	17050	66505	8041
ERR1042067	3015754	1219173	46288	130567	24426
ERR1042068	1003799	483436	19386	130130	8555
ERR1042069	1977904	745542	30250	93217	16349
ERR1042070	914053	336153	13823	67612	9122
ERR1042071	931810	405438	15353	73461	9613
ERR1042072	1703533	558168	19425	74444	11108
ERR1042073	2259618	1096401	52559	532764	54356
ERR1042074	1226031	690386	42633	631149	34903
ERR1042075	1315296	772337	32478	387518	25835
ERR1042076	3355076	1455761	60423	342240	44160
ERR1042077	4960426	2169997	78086	291645	39187
ERR1042078	2846576	1711409	61298	586260	23011
ERR1042079	2772897	1802796	66634	460529	38592
ERR1042080	2097938	953694	31853	156617	15303
ERR1042081	5455373	2630503	92388	196518	49762
ERR1042082	1378823	711870	22124	89031	10188
ERR1042083	2459386	1216648	38362	106802	17226
ERR1042084	1642440	713175	26878	68682	21247
ERR1042085	2595734	1301674	40162	113790	22758
ERR1042086	1563598	699114	25473	114535	20098
ERR1042087	1464584	626099	20046	48148	10194
ERR1042088	188216	138558	4190	80861	1986
ERR1042089	10716928	4366999	155965	398204	103879
ERR1042090	7306059	3136627	111555	344915	69203
ERR1042091	6171097	2654903	90247	209333	44988
ERR1042092	5580013	2274728	85080	221355	54310
ERR1042093	1029635	477264	18028	89093	13193
ERR1042094	6323427	2792588	102293	373370	61906
ERR1042095	2935642	1324313	42815	110098	25749
ERR1042096	4675796	1849355	58937	104230	28915
ERR1042097	4928828	2120647	73482	307524	43398
ERR1042098	2970352	1277237	41312	189307	19335
ERR1042099	3772438	1869552	63676	230136	33388
ERR1042100	4009535	2055086	67562	142293	28962
ERR1042101	5627408	2436365	77343	178563	35045
ERR1042102	5193506	2310918	71441	247705	35386
ERR1042103	1236123	611657	17223	34778	11083
ERR1042104	3340105	1779879	62664	139157	33719
ERR1042105	1589303	942371	31493	90113	9864
ERR1042106	3041651	1680149	58860	124427	25675
ERR1042107	241270	124941	4513	13626	1776
ERR1042108	2835717	1779044	55422	119374	13478
ERR1042109	1276584	842787	30286	230915	13400
ERR1042110	2578609	1625089	56813	300895	22934
ERR1042111	665452	418622	14378	49965	4847
ERR1042112	801253	698823	24811	193999	11941
ERR1042113	1912205	1196705	38345	188673	12399
ERR1042114	1505301	1073538	27459	88734	8386
ERR1042115	3959688	1972130	79374	251983	47365
ERR1042116	180661	130805	4460	26019	2065
ERR1042117	2297548	1142403	45240	108426	29736
ERR1042118	1685196	1135831	35328	149980	14514
ERR1042119	2436396	1499941	52150	211782	20713
ERR1042120	7262396	4547709	148842	686042	50818
ERR1042121	1377320	1199753	40428	414949	18001
ERR1042122	4775907	3050034	106817	442854	42096
ERR1042123	3221194	1878731	64012	235989	20073
ERR1042124	1806631	1339650	49502	337308	21682
ERR1042125	1707158	1084572	37877	213226	14684
ERR1042126	2431895	1627046	55504	347235	17922
ERR1042127	1287416	837793	30140	155012	12550
ERR1042128	2355660	1307699	55095	209508	32476
ERR1042129	4657697	2685835	96447	438743	46016
ERR1042130	5441592	2714184	96171	423288	55857
ERR1042131	1813059	1030670	43294	196400	23618
ERR1042132	610931	353848	14247	83929	9004
ERR1042133	2444625	1686292	68483	539315	39171
ERR1042134	3953542	2567647	92334	620309	39996
ERR1042135	6733590	1969975	102507	290278	90942
ERR1042136	1026587	480989	25877	224560	12397
ERR1042137	6963201	2393665	101750	377023	57395
ERR1042138	1688694	575089	28394	144948	17689
ERR1042139	8305038	2634823	128542	422192	80968
ERR1042140	1826785	670098	27651	101463	13211
ERR1042141	1550339	1116568	61297	806022	20977
ERR1042142	1620797	886323	40668	518403	21922
ERR1042143	2805927	1453764	46129	408198	27024
ERR1042144	495765	247254	9617	152781	5008
ERR1042145	634608	182005	9962	127321	8668
ERR1042146	1312113	523732	21655	141120	11660
ERR1042147	4920467	3388612	114969	1052950	37096
ERR1042148	787972	644297	25639	341409	6864
ERR1042149	528953	518131	17925	302642	4390
ERR1042150	1400794	1137772	44436	358811	17157
ERR1042151	828625	863877	32930	549884	5930
ERR1042152	1165469	1005292	37796	394439	10978
ERR1042153	9456336	6179943	150297	193330	43140
ERR1042154	4647421	2898962	84915	131071	37449
ERR1042155	5735095	3596783	94825	150913	34604
ERR1042156	3344892	2085331	59902	111357	25308
ERR1042157	3506998	2065076	63263	89988	31150
ERR1042158	6148704	3868300	109617	268208	42788
ERR1042159	4646825	1303163	55371	85148	42880
ERR1042160	2406290	768127	30158	57392	18038
ERR1042161	3012592	1083266	39157	68544	19344
ERR1042162	2076717	639435	24411	44019	15981
ERR1042163	2683357	876055	35722	72312	22505
ERR1042164	2374290	806809	42080	89501	34527
ERR1042165	8574848	2750099	112077	166632	71081
ERR1042166	8614012	3743856	136277	357606	67132
ERR1042167	3756503	1344451	51272	99849	29057
ERR1042168	3801162	1691439	65082	198655	34750
ERR1042169	2602675	1201559	44906	130990	20830
ERR1042170	3177572	1922895	67068	288137	24103
ERR1042171	4368994	2241146	77539	281150	30773
ERR1042172	7986838	4352067	151162	414049	62107
ERR1042173	5599464	3316860	107065	193652	41695
ERR1042174	1444139	1142614	34255	74421	12990
ERR1042175	675127	355175	11570	18009	5541
ERR1042176	1557059	864009	27699	49736	11304
ERR1042177	2231408	1610675	47716	64901	19908
ERR1042178	5106041	1379590	109715	100372	128368
ERR1042179	3317256	1960562	63514	111262	30693
ERR1042180	1672926	1018885	25857	37440	13590
ERR1042181	6872429	4283261	133436	193749	50744
ERR1042182	880942	617889	20513	39419	12878
ERR1042183	1121945	778755	21241	25579	9958
ERR1042184	1980848	1357860	34191	86207	10428
ERR1042185	2680565	729205	35676	282110	46390
ERR1042186	349727	123828	6587	159010	7372
ERR1042187	3474209	1640893	48183	193414	22565
ERR1042188	1331397	469561	20167	77970	8600
ERR1042189	5352890	1728010	60608	237317	28833
ERR1042190	978786	355046	16743	59079	10225
ERR1042191	2396501	843362	31542	138263	15782
ERR1042192	4713133	1484875	59553	170258	43374
ERR1042193	4357733	1299893	52481	265360	33020
ERR1042194	2560449	815988	36395	136844	16036
ERR1042195	6146526	2036846	84889	168542	38959
ERR1042196	3093053	1094951	38960	113859	17013
ERR1042197	6891164	2199807	109571	215599	71233
ERR1042198	1427974	441546	15941	33155	10795
ERR1042199	6069025	1876735	89758	443788	74392
ERR1042200	4534464	1444107	56159	224960	34028
ERR1042201	3381951	1033404	40034	171638	34981
ERR1042202	3678717	1373983	53664	628325	26492
ERR1042203	5661006	1787935	64858	220327	32583
ERR1042204	4908476	1559966	55459	107415	32692
ERR1042205	7724262	2680023	112622	476385	63002
ERR1042206	2768450	1032358	36128	88269	16944
ERR1042207	9189562	3275870	121959	208908	44858
ERR1042208	4511863	1594674	56673	150664	22157
ERR1042209	5178872	1705454	65050	128107	35585
ERR1042210	5744589	1932710	73635	150497	35644
ERR1042211	4959559	1634386	68551	144016	37033
ERR1042212	3635110	1157255	42508	147822	27560
ERR1042213	8201864	2846668	96621	290967	54053
ERR1042214	3458558	1116527	43194	124830	24299
ERR1042215	2041244	671903	25496	160472	14271
ERR1042216	5575389	1558727	77695	226158	53170
ERR1042217	5228972	1749203	72732	155839	33342
ERR1042218	4450934	1392625	65992	202733	29489
ERR1042219	3240251	944343	42639	115582	20499
ERR1042220	9175037	3176751	127149	355575	68281
ERR1042221	1922580	554437	25159	119781	20624
ERR1042222	5091520	1310036	51742	136986	46549
ERR1042223	4148253	1140585	50821	225379	35321
ERR1042224	3987760	1194941	47446	395332	35065
ERR1042225	5400132	1652652	61739	208852	34564
ERR1042226	2747311	1154791	44424	153810	23917
ERR1042227	4647405	1418801	67972	259928	37224
ERR1042228	3954862	1129399	44960	100184	26226
ERR1042229	5473455	1507392	62898	138994	37644
ERR1042230	165679	47303	1717	6610	979
ERR1042231	733762	277761	10875	35669	5520
ERR1042232	532264	192827	7326	23670	3501
ERR1042233	5074155	1890353	77229	199597	44436
ERR1042234	3290228	1150733	44728	104347	21239
ERR1042235	4595458	2078419	82797	400580	55576
ERR1042236	183357	80311	3134	17721	3458
ERR1042237	2471464	1449043	68000	479784	50599
ERR1042238	1036323	451793	17735	76197	8749
ERR1042239	2090479	541534	23850	78862	22335
ERR1042240	4437355	1677586	71355	445894	49395
ERR1042241	3088938	1278892	52112	415182	32124
ERR1042242	194506	215274	9419	415932	1255
ERR1042243	4339114	2132846	80067	2027305	32726
ERR1042244	7563034	3779533	152279	1862053	76578
ERR1042245	3722883	1887395	75837	1279790	41329
ERR1042246	1631555	599934	23810	47330	13921
ERR1042247	2690574	835800	33619	59465	24078
ERR1042248	4110593	1449619	47030	93306	30911
ERR1042249	2898695	1069114	35641	122427	19853
ERR1042250	140525	195508	6808	484549	497
ERR1042251	8010782	3160727	106797	1380067	61054
ERR1042252	14561864	5404975	189452	1287392	122917
ERR1042253	12035315	4367927	150830	1297509	91526
ERR1042254	178750	64005	2317	37289	1333
ERR1042255	2474774	945427	32006	246244	7036
ERR1042256	1265170	525215	13972	148636	13369
ERR1042257	2387210	779883	26940	128601	18037
ERR1042258	910821	317521	10590	65972	5771
ERR1042259	2385660	1210786	34997	446254	28353
ERR1042260	886927	370739	12688	318585	2546
ERR1042261	2986422	1111195	35758	310551	14258
ERR1042262	2250966	862179	24210	216247	17179
ERR1042263	2723056	1638478	41424	503137	36574
ERR1042264	769927	429369	12887	234495	9904
ERR1042265	4048131	2411186	82105	329833	21346
ERR1042266	567311	333349	12531	77511	2782
ERR1042267	5513012	2905725	102969	471322	34311
ERR1042268	351418	222352	8521	93449	2441
ERR1042269	4038425	2367307	86324	807269	26372
ERR1042270	1395707	820865	29215	125187	7140
ERR1042271	1763203	1093643	45316	273769	18848
ERR1042272	915931	607999	23379	342439	7016
ERR1042273	3365589	3010118	112714	1298328	29703
ERR1042274	2412577	1661891	54862	827128	11426
ERR1042275	4551013	2834705	95187	847637	25053
ERR1042276	2724949	1667008	59524	677789	18541
ERR1042277	5529300	3338577	116887	779468	37258
ERR1042278	6076436	3593099	126536	230652	34245
ERR1042279	4469329	2844181	95558	500130	23022
ERR1042280	992198	658234	22995	137769	4538
ERR1042281	2241691	1719352	70877	2223031	18823
ERR1042282	2258382	1474334	57777	576704	19750
ERR1042283	3613525	2214536	88667	653243	36328
ERR1042284	982719	707516	31304	1098705	9620
ERR1042285	4310066	2982492	106293	1068375	27198
ERR1042286	4576964	2741859	112116	520259	45623
ERR1042287	6327723	2856778	121690	1236532	84985
ERR1042288	7632387	3327838	118344	1137130	71301
ERR1042289	6385989	3241607	144061	1496309	80605
ERR1042290	4313408	1747357	73016	1529711	29225
ERR1042291	5450063	2166213	75888	2284052	31028
ERR1042292	6327932	2527600	60420	1369008	30950
ERR1042293	7440550	2372745	88064	581895	71813
ERR1042294	7014670	2410000	65405	643353	49880
ERR1042295	5639085	1955915	72142	556582	65431
ERR1042296	6226700	1975511	55600	566624	49657
ERR1042297	7280766	2404905	73783	689287	64095
ERR1042298	8205030	2468516	115574	321101	89818
ERR1042299	2154519	687839	37190	100099	25851
ERR1042300	4158875	2209907	77927	363638	47342
ERR1042301	3267780	1589673	59036	326934	25797
ERR1042302	5539336	2762157	90589	261865	37409
ERR1042303	1245125	739807	22549	77347	6480
ERR1042304	2143024	831603	33092	102927	17832
ERR1042305	1802462	1133249	32903	192193	8866
ERR1042306	5290447	2614072	89049	308766	51879
ERR1042307	6338872	2428127	125684	351621	113154
ERR1042308	3585778	1332484	50214	234687	39813
ERR1042309	2622230	1806759	49172	268957	19075
ERR1042310	948021	479482	13563	234637	6560
ERR1042311	288301	193668	5121	33514	2671
ERR1042312	151297	58447	2292	11362	1713
ERR1042313	979084	648407	18251	98662	9463
ERR1042314	10224955	4445855	125085	641550	73009
ERR1042315	5463759	2197387	64894	906483	41638
ERR1042316	10469525	4659402	166790	519778	58633
ERR1042317	3274863	1221496	41478	582274	26771
ERR1042318	4026934	1421181	48642	326839	16956
ERR1042319	6445590	2658344	93835	312819	51658
ERR1042320	706071	604642	33647	546639	15825
ERR1042321	622049	352677	9526	34795	4401
ERR1042322	3396555	2244762	66893	890708	23841
ERR1042323	7737243	4337888	166840	1886542	90986
ERR1042324	9928142	4728639	191931	1331915	76435
ERR1042325	2966330	1991175	68002	655231	21670
ERR1042326	6331295	2440630	101552	538858	50192
ERR1042327	2312463	1570046	55341	773797	17017
ERR1042328	19450582	11373094	430850	870061	183679
ERR1042329	13527308	8430002	337302	929202	133077
ERR1042330	3890470	2235363	104490	509536	43423
ERR1042331	7681749	4915910	204057	880922	97727
ERR1042332	4184630	2674276	92575	348914	38850
ERR1042333	1770744	1322609	64771	712821	38320
ERR1042334	4194216	2992905	121491	508033	50331
ERR1042335	11606315	7789855	303448	839906	109374
ERR1042336	3623843	2559309	87516	301897	34351
ERR1042337	4015612	2433904	105046	477378	36721
ERR1042338	3647858	2653807	98218	428283	32892
ERR1042339	2015685	1393206	51100	269848	16491
ERR1042340	1221872	619787	37919	199272	35328
ERR1042341	507915	365116	15651	238572	7030
ERR1042342	3689824	2218782	87031	183871	38644
ERR1042343	3145793	2101121	76202	377700	37311
ERR1042344	1324451	950571	35746	294275	12567
ERR1042345	3190850	1910029	74126	299372	31977
ERR1042346	2546705	1804963	66602	233990	26207
ERR1042347	3759107	2452825	93153	304136	35195
ERR1042348	4623928	3083758	124161	369857	55314
ERR1042349	3546457	2295990	91431	323273	48523
ERR1042350	6464664	2976860	141282	270980	55586
ERR1042351	1074107	606923	25782	81629	19186
ERR1042352	2176911	1305055	48159	273982	21429
ERR1042353	3186365	1734818	62667	395967	27047
ERR1042354	5708754	3084327	120428	233573	49657
ERR1042355	2394998	1268837	46823	243301	17861
ERR1042356	3050360	1696915	69107	226235	29928
ERR1042357	1849599	1202916	40486	211791	12926
ERR1042358	12594979	6518336	278478	717888	174402
ERR1042359	10009120	5600205	241878	452646	138263
ERR1042360	4658764	2462112	104007	395200	51414
ERR1042361	8788902	4645998	169027	495240	65275
ERR1042362	3457106	1585049	62659	382695	68874
ERR1042363	3224242	1451611	55077	345291	43481
ERR1042364	10765232	5611912	183493	341985	100384
ERR1042365	7149678	2673682	129045	345425	77799
ERR1042366	8035000	3724609	177081	385324	103167
ERR1042367	3228709	1481350	66597	180056	39512
ERR1042368	4948626	2489803	107409	185988	46691
ERR1042369	6516233	2877393	138732	262009	79097
ERR1042370	4335895	2228679	94811	298109	46186
ERR1042371	7203702	3489409	147465	437618	78430
ERR1042372	5288219	2475875	112821	363752	68100
ERR1042373	7061227	3717206	161309	716073	59770
ERR1042374	6085942	3059416	120476	328040	46312
ERR1042375	4326690	2324949	105069	526580	45407
ERR1042376	693308	400129	16272	78788	8249
ERR1042377	4788428	2404338	94328	185803	48143
ERR1042378	4383967	2239091	82667	254183	38513
ERR1042379	6246109	3142241	123375	495490	63447
ERR1042380	6992601	3580221	151753	424136	74056
ERR1042381	2378834	1275851	50772	207054	20037
ERR1042382	2988585	1408648	55155	396650	32729
ERR1042383	7683019	2961302	127271	711009	96114
ERR1042384	4752208	2491605	109939	573470	44665
ERR1042385	4940801	2581436	100464	230060	51388
ERR1042386	6401393	3131442	110399	378418	44283
ERR1042387	3408375	2123972	70231	150762	31770
ERR1042388	3604477	2015907	85323	1401108	18529
ERR1042389	1124023	676338	36938	870962	12516
ERR1042390	1421221	672246	26603	240032	11385
ERR1042391	886948	504620	24709	449266	6365
ERR1042392	983644	508694	25156	389016	7466
ERR1042393	5085859	2509564	90838	801405	26401
ERR1042394	967593	523211	22834	187043	6826
ERR1042395	3223409	989421	65753	1227302	51114
ERR1042396	659814	325997	19844	670676	9270
ERR1042397	742402	341182	23129	753760	12928
ERR1042398	333006	144433	6072	84864	1996
ERR1042399	2215478	1063209	44906	352528	16629
ERR1042400	1585991	691922	31254	898910	11269
ERR1042401	3076507	1437552	56972	583961	23317
ERR1042402	878133	478715	18081	100276	4592
ERR1042403	1892410	981124	39019	226550	14830
ERR1042404	1200914	570333	25771	293999	11356
ERR1042405	439890	211253	8405	98496	2358
ERR1042406	2184690	1427952	52435	613094	24094
ERR1042407	4662304	2621471	118053	805344	56994
ERR1042408	8038137	4098617	175460	1359899	77001
ERR1042409	3087009	1584598	76983	1113930	43116
ERR1042410	1390330	1043648	56296	1188900	28554
ERR1042411	2372129	1444777	59936	838012	27981
ERR1042412	3696081	1888042	84311	606152	46141
ERR1042413	2214243	1405637	56893	1302642	31564
ERR1042414	3941219	2418583	88877	896702	43615
ERR1042415	3857047	1616007	64166	504322	38887
ERR1042416	3083324	1464798	54092	447749	28428
ERR1042417	10290922	4681902	235530	887115	187189
ERR1042418	6052661	2763977	107644	655019	63669
ERR1042419	1672905	800528	33018	175164	24366
ERR1042420	2593754	1203200	70441	335154	62255
ERR1042421	1442995	1119302	49942	600766	30492
ERR1042422	9228180	2975016	136105	264965	138852
ERR1042423	5853209	2884552	106731	433047	75760
ERR1042424	1647030	703802	25227	124449	15367
ERR1042425	5034920	2150771	75396	320685	45703
ERR1042426	739811	322217	11646	101427	6620
ERR1042427	6362736	3147216	105763	550333	56261
ERR1042428	5990776	2896969	160438	1319064	124776
ERR1042429	4978732	3554768	132921	1398793	41438
ERR1042430	5596734	3347128	125714	804383	50584
ERR1042431	5330650	3310144	147708	831209	71689
ERR1042432	5691163	3284515	118286	946963	45382
ERR1042433	4548499	2360970	87391	941798	30278
ERR1042434	131554	61291	2564	10367	1995
ERR1042435	4527885	1394095	93981	278226	94444
ERR1042436	7466638	2064150	101625	347338	82556
ERR1042437	7983583	3699540	151640	1532049	88853
ERR1042438	4396350	2328389	81322	632172	35121
ERR1042439	3849698	1952797	71762	384853	37163
ERR1042440	1887595	958141	41590	468879	24340
ERR1042441	1418281	817750	39800	510314	24461
ERR1042442	2833952	1509965	59659	654134	28993
ERR1042443	11547438	6034882	237868	624742	118999
ERR1042444	11877649	5293634	199822	1777865	129194
ERR1042445	9999835	4827147	187093	876202	100731
ERR1042446	6101880	4005551	154522	738724	78635
ERR1042447	3408308	1939009	86456	878062	65042
ERR1042448	2920821	1515252	51224	315233	14460
ERR1042449	6580185	4111161	131749	422132	45148
ERR1042450	7686488	4003225	130922	480710	60552
ERR1042451	6342450	3116461	97608	590915	30512
ERR1042452	5311855	2887146	118269	814253	31141
ERR1042453	6402264	5027083	152583	1420609	52228
ERR1042454	1762365	2880276	76825	1211873	22023
ERR1042455	5317848	3181779	101245	841774	36022
ERR1042456	3505300	1969115	65091	964647	16306
ERR1042457	4346459	2880762	96966	1112026	33877
ERR1042458	5380726	3540032	131474	1124211	50124
ERR1042459	8468053	5058858	203933	1479374	71829
ERR1042460	10084887	5685906	207078	1393585	64534
ERR1042461	5047125	3238580	184815	1574754	66753
ERR1042462	2737855	1431970	47665	592223	32444
ERR1042463	7930197	4413782	175762	997120	63848
ERR1042464	4751074	2962860	106505	1062080	43733
ERR1042465	2878702	2037362	88818	2587643	29734
ERR1042466	5630960	3487916	118406	327861	40264
ERR1042467	1074375	580089	23973	142468	12101
ERR1042468	2450966	1362382	51229	324966	22310
ERR1042469	869265	470364	20347	121641	9701
ERR1042470	3595212	1896491	63608	550512	27587
ERR1042471	1160048	658952	23109	221583	10166
ERR1042472	2222538	1004036	36955	345926	17042
ERR1042473	2510182	1490909	57072	327269	23376
ERR1042474	12172430	5702575	241164	1084157	172303
ERR1042475	3138071	1944071	83322	1013815	45432
ERR1042476	2015309	1110133	60971	413407	29037
ERR1042477	8350969	3937772	147654	400979	77359
ERR1042478	2712050	652205	40020	112578	42039
ERR1042479	4889064	1845962	90244	387908	71457
ERR1042480	12525569	5592111	220441	565662	139035
ERR1042481	8296074	3081191	123075	307814	53481
ERR1042482	13406539	5333624	208585	380497	110655
ERR1042483	3770394	2654526	88451	289118	40422
ERR1042484	4666886	3085469	108669	443848	50892
ERR1042485	5857403	3240326	110871	579666	51176
ERR1042486	7526378	4328349	146311	471562	70233
ERR1042487	6907861	3930690	124023	490277	60997
ERR1042488	10896852	5086441	177571	590521	101232
ERR1042489	6898726	4389591	146644	565734	56694
ERR1042490	5328290	2779426	96853	392561	46692
ERR1042491	145407	95100	3592	15157	3120
ERR1042492	2372776	1340225	64591	339697	42878
ERR1042493	1190879	648766	26694	218868	14269
ERR1042494	3412850	1527164	58917	237223	37428
ERR1042495	2705490	1495655	57818	390593	31341
ERR1042496	2362606	1245663	47260	269211	27277
ERR1042497	6501104	3057501	109908	823736	61174
ERR1042498	12336650	6660456	278215	1459001	177672
ERR1042499	4865938	2852433	117823	655425	71112
ERR1042500	12734583	6002132	208436	464877	103523
ERR1042501	5213987	2127275	80801	244127	38506
ERR1042502	5488493	2344595	110495	467761	78951
ERR1042503	2228482	1099961	40822	326605	36580
ERR1042504	10591167	4194583	154946	396710	83355
ERR1042505	2389617	1065948	46871	269071	31208
ERR1042506	5710554	2579813	106836	731869	73647
ERR1042507	8436751	3982408	121851	489409	45800
ERR1042508	3158576	1516262	75923	452515	59458
ERR1042509	2881518	1460148	61449	279115	32061
ERR1042510	2874432	1183053	54206	292926	35062
ERR1042511	2942150	1112716	46931	228597	32283
ERR1042512	2452559	1164241	62772	292483	38516
ERR1042513	1535736	613437	27980	180565	20697
ERR1042514	448327	276994	14374	311166	17518
ERR1042515	262442	136507	6638	98667	7629
ERR1042516	2720168	875504	42064	172480	27658
ERR1042517	1060858	421129	17104	171732	10428
ERR1042518	1132559	487121	26951	243292	31132
ERR1042519	4105278	1638309	82740	246557	39059
ERR1042520	1280391	439642	17319	109466	13567
ERR1042521	1947555	973273	32382	71867	19489
ERR1042522	316756	217121	7293	26142	2911
ERR1042523	3573811	1754609	58553	175519	37451
ERR1042524	438460	196088	6547	34824	3258
ERR1042525	3017779	1428323	48725	156904	28102
ERR1042526	670054	296661	10285	36361	4176
ERR1042527	1122537	514673	16183	46529	6477
ERR1042528	29840	7986	600	102554	637
ERR1042529	8773503	4134699	164350	426990	110147
ERR1042530	3286900	1506397	53578	129573	27516
ERR1042531	5722986	2296387	83885	150354	48180
ERR1042532	5867079	2347059	86318	212840	43594
ERR1042533	4199228	1503645	57433	121026	33816
ERR1042534	4745844	1689704	57103	161653	34067
ERR1042535	6912266	2006087	80841	236106	67857
ERR1042536	5742098	2932729	98308	266993	50856
ERR1042537	3395833	1764764	66879	227803	37327
ERR1042538	3885547	1728400	60223	148353	41046
ERR1042539	4636868	1821197	73086	200467	37249
ERR1042540	4123268	1552473	54261	155347	28943
ERR1042541	4205502	1781612	68358	121414	37787
ERR1042542	4290391	1629663	61546	134581	34413
ERR1042543	4120224	1552814	63614	135798	39559
ERR1042544	6189264	1971840	79043	203007	51814
ERR1042545	6881554	2221997	88265	214448	62350
ERR1042546	5230378	1827226	72934	159194	48419
ERR1042547	5627373	1777546	78102	155962	53012
ERR1042548	4865132	1544465	61584	196838	40980
ERR1042549	7087807	1920451	77201	340377	55939
ERR1042550	6553589	1567766	70185	348412	59359
ERR1042551	6152790	1565918	80839	205181	78356
ERR1042552	6286026	2440935	88773	247934	49222
ERR1042553	4657829	1421785	57680	221477	37766
ERR1042554	5581233	2866123	99890	602016	52469
ERR1042555	7371597	2309918	101287	242507	50313
ERR1042556	8411498	2922087	102861	327448	55560
ERR1042557	4958336	1385038	67270	358080	46292
ERR1042558	9998488	3458427	130759	307299	82412
ERR1042559	3656412	1614279	62300	96197	56619
ERR1042560	7183918	2488293	109294	184354	113836
ERR1042561	6633890	2183950	85594	420862	60123
ERR1042562	6155058	2323892	93602	211216	65397
ERR1042563	5675097	1588228	67707	181201	51340
ERR1042564	4888420	1420037	59808	172398	38165
ERR1042565	1177885	353663	12418	32498	7609
ERR1042566	2209187	573482	24936	93070	18381
ERR1042567	6936065	2015781	82042	150313	54408
ERR1042568	6530444	1730378	74979	162336	52973
ERR1042569	398442	115879	5330	23390	4546
ERR1042570	7048431	2121766	92040	377343	71967
ERR1042571	5120573	1432209	58010	164489	40269
ERR1042572	3526380	834426	36647	53827	26017
ERR1042573	1868259	516464	19825	52308	13883
ERR1042574	4891743	1431629	56287	204734	37766
ERR1042575	1731619	491399	19878	170898	11393
ERR1042576	8356980	2274455	94504	211661	63608
ERR1042577	842950	244421	11229	85343	7142
ERR1042578	7546430	2069213	79871	240403	46884
ERR1042579	7145777	2040051	89155	264203	61265
ERR1042580	9853275	2985699	117740	233897	90369
ERR1042581	8580473	2234566	95237	187645	69250
ERR1042582	15042969	4887482	211358	480404	162215
ERR1042583	723286	260217	10259	54416	6117
ERR1042584	16155135	4584335	201340	484759	135732
ERR1042585	1263896	389639	16972	60774	13272
ERR1042586	6420826	1898889	69921	250424	45926
ERR1042587	1310278	456661	16879	91700	10566
ERR1042588	2628101	818951	36094	207282	31260
ERR1042589	3841456	1282067	48619	266252	36083
ERR1042590	2446646	791993	44820	571687	50765
ERR1042591	4698125	1407600	56288	224401	46295
ERR1042592	1513145	689319	27187	428757	22256
ERR1042593	6963754	2141494	80367	296818	66808
ERR1042594	7435386	2344214	80915	298456	50931
ERR1042595	6099181	1716661	61325	212669	44815
ERR1042596	7788189	2484861	94143	544759	70291
ERR1042597	3831087	1285404	44071	155397	27235
ERR1042598	8765631	2966385	123079	282114	90374
ERR1042599	6509707	2048140	85074	218556	56200
ERR1042600	3133506	929177	48228	475381	48187
ERR1042601	8631734	2724848	126735	509734	97840
ERR1042602	3632099	1202368	58139	641548	49135
ERR1042603	6838530	1806753	75124	488761	63993
ERR1042604	10263592	2993280	106182	218828	71119
ERR1042605	902922	299078	15347	260639	14779
ERR1042606	5362420	1417734	62220	194994	62398
ERR1042607	4734491	1704153	89973	414057	76495
ERR1042608	7667574	2257545	89135	317069	63414
ERR1042609	6687260	1747276	79746	426770	81204
ERR1042610	6282695	2114035	76689	281609	43121
ERR1042611	1914106	608720	25538	130077	22987
ERR1042612	81699	24169	976	3041	1021
ERR1042613	3240643	1000120	39252	119875	33298
ERR1042614	3694838	1120405	42538	140849	30685
ERR1042615	5771378	1621196	58331	100079	49282
ERR1042616	3369067	968501	42559	159107	44477
ERR1042617	5195296	1668354	64105	344800	51244
ERR1042618	2645204	800102	30614	213146	23394
ERR1042619	4486897	1682860	79106	387652	64274
ERR1042620	3134357	845132	37171	119080	39693
ERR1042621	4208994	1251055	49835	184237	44194
ERR1042622	5185246	1387588	53801	171452	48006
ERR1042623	4971064	1486332	61842	179669	61466
ERR1042624	4304375	1437879	56391	96385	45218
ERR1042625	4112581	1190348	42236	268532	28771
ERR1042626	2286304	628098	22956	78787	18788
ERR1042627	3115483	997777	44457	127597	44983
ERR1042628	384773	123305	5226	19817	6031
ERR1042629	2819138	990764	38393	117718	36437
ERR1042630	344253	107968	4521	19712	3702
ERR1042631	4653215	1384084	53649	188874	45481
ERR1042632	5020668	1662315	58312	237508	42161
ERR1042633	6416970	2005651	75163	266924	56380
ERR1042634	4796066	1602624	69786	225138	71666
ERR1042635	4422036	2510966	106995	1128582	90815
ERR1042636	1115178	760715	31627	500582	25066
ERR1042637	7628642	3138688	134606	602208	77592
ERR1042638	8352525	3722229	176343	978070	125428
ERR1042639	16777459	5545772	256036	517931	157934
ERR1042640	16133847	5053228	219186	357505	118437
ERR1042641	15731353	5182065	206384	362028	103437
ERR1042642	9490575	3167870	129676	261279	64335
ERR1042643	10579121	3520350	146810	274161	74373
ERR1042644	9820333	3269936	149825	350275	86200
ERR1042645	10755312	3340751	149414	286177	84685
ERR1042646	11854733	3759109	148109	372336	77705
ERR1042647	12713193	4114448	167672	379909	84035
ERR1042648	14407076	4021835	154681	265829	81648
ERR1042649	1274359	922148	49146	428523	49581
ERR1042650	770828	621371	31512	270741	38652
ERR1042651	4628401	1906799	93333	286435	56451
ERR1042652	3245210	1233067	56887	263975	42624
ERR1042653	3743595	1832106	84032	377587	46818
ERR1042654	140799	105341	4589	35171	7874
ERR1042655	756073	559075	29371	307628	33376
ERR1042656	922657	605392	25475	153199	19517
ERR1042657	7828901	3589667	126104	1176953	40849
ERR1042658	2675657	1084076	41233	269752	19648
ERR1042659	2212637	1039632	50186	248282	41680
ERR1042660	2302230	882446	38726	171740	24974
ERR1042661	3273182	1382011	58217	342066	42312
ERR1042662	3060760	1517193	50048	306941	21322
ERR1042663	4617463	1967240	71741	635364	33710
ERR1042664	3355652	1070202	43285	184918	37077
ERR1042665	2953744	1214130	45209	280251	42627
ERR1042666	5785091	2601360	105878	541951	30813
ERR1042667	754738	372805	14385	74183	9809
ERR1042668	5233133	1947736	60947	462717	23213
ERR1042669	4955924	2319459	97150	1043744	41445
ERR1042670	1085792	754580	34664	540352	23165
ERR1042671	5378793	2256816	104901	468372	65373
ERR1042672	6810760	2749632	105039	582381	51538
ERR1042673	4054369	1625917	59664	239541	38519
ERR1042674	3649584	1718011	49344	177389	15718
ERR1042675	7006721	3688038	124756	688334	65941
ERR1042676	6484704	2786159	92942	345857	56666
ERR1042677	3587464	1670889	59176	324579	36317
ERR1042678	4615381	1749569	88304	423537	75806
ERR1042679	9152267	3740223	151784	828704	151438
ERR1042680	3042060	1529779	71938	541283	52349
ERR1042681	6277972	2578413	122832	442772	57835
ERR1042682	5302764	2358129	128345	1322120	95752
ERR1042683	1378339	520513	21668	533877	11590
ERR1042684	3595323	1190790	46916	303457	19611
ERR1042685	1530687	478530	18933	107637	7505
ERR1042686	2002828	646190	25641	161046	11950
ERR1042687	5004821	1733536	65596	632314	30608
ERR1042688	2374636	784657	33029	207377	14349
ERR1042689	3409179	1232864	58369	462916	25429
ERR1042690	5814793	2000393	89046	466829	38692
ERR1042691	2756718	909677	40249	148379	13524
ERR1042692	2684772	955774	43456	325984	15293
ERR1042693	5874427	2046891	94655	615222	45122
ERR1042694	2672209	1044081	45288	478902	20025
ERR1042695	2772465	931840	38133	328914	17978
ERR1042696	3134915	1183574	53455	744680	26228
ERR1042697	1552224	746886	22751	1007094	6672
ERR1042698	2453602	826388	32928	164800	11871
ERR1042699	1876745	692117	15548	453517	5783
ERR1042700	2346040	806545	34507	183640	13866
ERR1042701	2643132	916277	36522	182261	16328
ERR1042702	2621778	889142	39498	161444	16778
ERR1042703	2200605	873459	36795	464042	20848
ERR1042704	2839056	968924	44303	330247	16806
ERR1042705	2218147	767188	34578	248255	13135
ERR1042706	1045738	370427	12189	124098	6080
ERR1042707	2681725	1076590	52471	199566	29491
ERR1042708	3306925	1521183	63051	1603365	30671
ERR1042709	2635291	1209749	48794	778945	15476
ERR1042710	1268870	525575	18484	205107	6074
ERR1042711	6606334	2611491	115817	551519	100729
ERR1042712	2783157	1076975	39676	175841	18402
ERR1042713	2482081	1039120	32686	431349	12393
ERR1042714	6311861	2332057	79603	285512	41562
ERR1042715	13184725	4755207	195422	452958	97330
ERR1042716	8759977	3651588	140703	846579	60566
ERR1042717	10273310	3735758	140117	503852	97234
ERR1042718	8188521	3385414	135936	603612	81804
ERR1042719	9556455	4030747	168143	1361314	68293
ERR1042720	6408958	2589466	109290	786282	36733
ERR1042721	5651308	2410764	103690	2997238	57208
ERR1042722	8021520	3045331	112238	658568	55871
ERR1042723	8016268	3199705	113669	914362	59071
ERR1042724	11515168	4114271	155031	318436	85670
ERR1042725	9311658	3565992	127527	448311	74493
ERR1042726	1067240	445591	15648	240523	6035
ERR1042727	3474983	1369323	52793	289474	19784
ERR1042728	5699271	2117316	77639	302789	48677
ERR1042729	6410203	3057025	134915	2135148	37686
ERR1042730	8639130	3700979	151860	454534	74236
ERR1042731	9262195	3753377	151704	1162362	47414
ERR1042732	10155117	3870965	138138	762971	69088
ERR1042733	9602669	3475167	121037	321941	58411
ERR1042734	8775022	3409673	141877	676010	71916
ERR1042735	8736737	3240861	124132	262062	64584
ERR1042736	7617804	2937634	113448	615169	66965
ERR1042737	7803821	3295038	136988	707458	93847
ERR1042738	5826660	2300310	94171	512795	43904
ERR1042739	2558273	999239	36027	122947	15648
ERR1042740	4180083	1815093	73304	357508	29738
ERR1042741	3674989	1452297	54269	303248	27568
ERR1042742	3111554	1533765	65083	1484508	22380
ERR1042743	3537499	1515855	61737	989915	23905
ERR1042744	5462030	1855932	105134	734538	109065
ERR1042745	3046191	1236900	42539	181449	20362
ERR1042746	7348133	2738070	99595	675384	43573
ERR1042747	5901487	3252871	130315	2143136	30944
ERR1042748	2222613	920506	34216	560522	16144
ERR1042749	4296577	1666882	61883	423562	30440
ERR1042750	5895741	2460661	91467	766720	40694
ERR1042751	3811263	1848746	77737	1179964	20811
ERR1042752	3972716	1471784	66084	301161	36841
ERR1042753	4751638	2189994	92263	917033	24720
ERR1042754	4543018	1453187	59951	262532	35597
ERR1042755	2980038	1311420	49873	512938	27819
ERR1042756	5266096	1610095	63750	323241	35753
ERR1042757	1911975	753279	30255	324553	15484
ERR1042758	3479313	1512667	65370	672708	29949
ERR1042759	2789908	834582	36221	190692	23255
ERR1042760	4070100	1676663	67823	639303	31122
ERR1042761	3883519	1263692	50500	190191	31969
ERR1042762	3153834	1155800	44359	240144	25862
ERR1042763	2622464	1439767	55359	460328	28569
ERR1042764	4938147	1862824	67649	348918	36995
ERR1042765	3173446	1608643	75596	872391	41570
ERR1042766	5950466	2034593	109286	609013	87002
ERR1042767	6198504	2117376	89020	460436	54431
ERR1042768	4742995	2044949	88767	558951	72874
ERR1042769	5635230	2553648	131333	755805	99062
ERR1042770	5047632	2328400	102454	1075937	49023
ERR1042771	4268993	1747998	80385	555957	48897
ERR1042772	5105805	2140301	103531	257080	69066
ERR1042773	4413021	1791636	88005	493559	60240
ERR1042774	9860431	3319343	157379	638575	82987
ERR1042775	7216466	2151377	84589	417291	60606
ERR1042776	8381683	2438511	111631	321580	90586
ERR1042777	6780512	1843912	82467	147805	69871
ERR1042778	9255668	3321610	128707	488440	71673
ERR1042779	5165345	2890237	194827	1447224	96939
ERR1042780	8550539	3352344	119466	751216	104371
ERR1042781	6743250	2619611	81367	312874	25421
ERR1042782	10023245	3685130	126735	509538	50378
ERR1042783	7855327	2850743	91552	639421	40179
ERR1042784	8863949	3184389	119726	544293	63884
ERR1042785	10637348	3842188	126559	643308	58204
ERR1042786	10965633	3831266	152824	775415	67908
ERR1042787	8784096	2793984	95695	469494	48779
ERR1042788	3559356	1184186	32997	225248	14047
ERR1042789	4636758	1650520	53508	276276	29221
ERR1042790	774900	287988	9033	52440	2819
ERR1042791	4941429	1810224	56810	304898	17851
ERR1042792	3802105	1316855	39296	216382	16728
ERR1042793	4487283	1528852	57925	211586	29685
ERR1042794	9313379	3206250	110196	503982	42218
ERR1042795	6522312	2123073	66100	379739	31036
ERR1042796	8581677	3101384	95175	399036	34168
ERR1042797	10565137	3984682	99531	718823	32324
ERR1042798	9277057	3268865	119750	328275	65134
ERR1042799	9181618	3336285	87581	466541	43247
ERR1042800	8645668	3101535	110258	644664	45152
ERR1042801	4575955	1659853	58476	334189	27960
ERR1042802	6420778	2305905	99402	533885	73574
ERR1042803	7929171	2687679	104376	327168	63431
ERR1042804	4715696	1560235	59125	343359	26825
ERR1042805	5099005	1603958	66561	519461	32924
ERR1042806	6737129	2216420	85231	282177	35506
ERR1042807	6337181	2187043	84064	703547	42101
ERR1042808	12900115	4172413	165466	657505	102679
ERR1042809	9490481	3206011	113544	929453	59386
ERR1042810	10369069	3629713	139094	870567	66386
ERR1042811	10867337	3492297	128933	450694	76618
ERR1042812	13296331	4968196	202727	1416746	110058
ERR1042813	9704020	3227522	123362	290127	68502
ERR1042814	12076876	4434936	175615	705316	98009
ERR1042815	3766906	1279469	54843	140268	26268
ERR1042816	9315085	3194972	125166	589931	49161
ERR1042817	8108165	2715238	114352	1012146	66036
ERR1042818	8033848	2917328	91219	295997	34023
ERR1042819	6715496	2828882	118290	552064	68879
ERR1042820	5965630	2080843	74355	136377	26449
ERR1042821	7096977	2597996	94545	228444	31060
ERR1042822	6771514	2809747	111500	378131	74203
ERR1042823	6184551	2376542	91107	330164	47942
ERR1042824	5658669	2150781	86634	425726	43493
ERR1042825	5764327	2232816	82070	526275	29381
ERR1042826	7135427	2937537	131800	679243	49220
ERR1042827	4689960	1697689	59668	146564	21787
ERR1042828	4963392	2025639	76972	248082	53003
ERR1042829	4323958	1641887	61698	214342	35829
ERR1042830	4927856	1831606	72671	339394	40438
ERR1042831	5387501	1986674	63088	237841	36946
ERR1042832	4720884	1795378	61288	206478	25214
ERR1042833	4680347	4027446	118484	810989	33831
ERR1042834	3930405	3014001	88784	619909	22277
ERR1042835	4905037	2767003	81859	777787	21391
ERR1042836	4003392	2820929	90563	1003968	22240
ERR1042837	5397967	3476793	98259	672905	30014
ERR1042838	5744520	3052261	95869	307330	32302
ERR1042839	3422723	2249852	65307	426345	16683
ERR1042840	4687091	4171623	114205	951996	23874
ERR1042841	4746661	3329751	92430	892954	23618
ERR1042842	5633942	3345902	90836	496717	30745
ERR1042843	6015954	3610758	107312	516247	43192
ERR1042844	4463577	2523385	74431	834008	27721
ERR1042845	5474363	3350345	115916	1141697	58809
ERR1042846	5485627	3289650	97440	605795	32334
ERR1042847	4788229	3757391	119466	1547671	30748
ERR1042848	5358515	3578019	131290	1033178	75325
ERR1042849	4779428	2995482	88149	441096	29184
ERR1042850	4306995	2763317	78909	597168	27215
ERR1042851	4483428	2966830	101842	602797	46748
ERR1042852	4794794	3036580	85663	368768	29968
ERR1042853	4586474	3590505	141437	1380594	93998
ERR1042854	4497861	2277700	75760	324511	33893
ERR1042855	3352253	2021731	66762	189813	33430
ERR1042856	2813021	1757910	53336	216451	22375
ERR1042857	4087661	2221952	64833	354524	25710
ERR1042858	3191440	2028831	61588	259231	28432
ERR1042859	3332869	2031001	59258	223315	14736
ERR1042860	3482553	1937587	63325	240003	27626
ERR1042861	2918999	1974749	69428	425011	41795
ERR1042862	3450874	2525347	74161	1247254	18288
ERR1042863	3529979	2310381	74523	611962	26208
ERR1042864	3698519	2367495	70864	420037	29014
ERR1042865	3310026	2452457	68556	451350	13849
ERR1042866	3975843	2876529	75546	200353	30769
ERR1042867	3442766	2666341	89192	484036	47124
ERR1042868	2645348	2448263	74050	787720	14930
ERR1042869	3767384	2403032	76140	210020	37712
ERR1042870	4036668	2779370	79563	234001	26477
ERR1042871	755522	428075	17156	69647	6390
ERR1307208	6540573	1968328	80964	738407	62863
ERR1307209	4525249	1520840	65347	583890	61498
ERR1307210	5054330	1374895	55409	570892	43314
ERR1307211	3642123	1122852	44434	386175	35582
ERR1307212	6408776	1873224	74420	580311	63077
ERR1307213	4602046	1490400	60359	535466	57323
ERR1307214	5010021	1537935	57856	462661	41220
ERR1307215	4358829	1302331	47165	397186	36833
ERR1307216	1700199	447774	20259	196878	18115
ERR1307217	3866906	985926	37732	246436	32031
ERR1307218	1218759	376839	8525	195689	6866
ERR1307219	2724632	669490	24267	133367	23599
ERR1307220	2799456	682451	25492	174608	22936
ERR1307221	2789291	723770	23407	138009	21034
ERR1307222	2413540	596508	24310	224568	21637
ERR1307223	7207939	1831428	71068	535347	63153
ERR1307224	6623837	1674696	64034	515314	49120
ERR1307225	3932303	1051386	37722	312184	32720
ERR1307226	2498286	680472	26473	220331	24481
ERR1307227	4516004	1123760	44241	197658	46298
ERR1307228	4581956	1235526	47462	276765	47675
ERR1307229	2422131	683162	23402	327312	11442
ERR1307230	6578905	1886974	78600	593157	56097
ERR1307231	7218988	1775366	68855	416421	58127
ERR1307232	5014534	1237297	52279	287673	50492
ERR1307233	2778231	759861	26940	169712	24836
ERR1307234	4664345	1130713	46114	282420	42548
ERR1307235	5648125	1493613	60063	538218	56860
ERR1307236	2062218	658048	30993	997377	16943
ERR1307237	6342046	1715226	63095	402795	50564
ERR1307238	4943180	1368100	53428	426704	44448
ERR1307239	4678460	1246218	47837	373737	40888
ERR1307240	4593059	1148174	42291	231421	39275
ERR1307241	5867982	1553941	52670	313744	48630
ERR1307242	6377849	1771594	61492	478947	46321
ERR1307243	5550059	1584247	57128	558591	40511
ERR1307244	5492914	1362637	44841	385810	34408
ERR1307245	2752064	620483	24916	125836	21268
ERR1307246	1081996	271183	10597	60291	9452
ERR1307247	2520239	638131	21996	149976	19416
ERR1307248	2705111	664345	24363	115249	21918
ERR1307249	1942937	450224	17498	93550	17903
ERR1307250	3055861	766045	26475	162132	23796
ERR1307251	193483	48178	2328	24321	1946
ERR1307252	13480867	3639251	158592	1355936	127706
ERR1307253	10035745	2710317	109567	888943	85715
ERR1307254	4649292	1343623	54888	864020	34728
ERR1307255	178430	45694	2079	23441	1710
ERR1307256	10287177	2757566	104885	768829	84025
ERR1307257	4193234	1047504	38477	580975	27077
ERR1307258	3727083	964556	32326	390833	22113
ERR1307259	3625263	872354	31054	284006	23707
ERR1307260	5084335	1262301	41020	341554	30436
ERR1307261	5875845	1649163	49859	773601	31849
ERR1307262	1209963	320911	10731	215667	7942
ERR1307263	5506037	1447214	46707	574290	33469
ERR1307264	126033	33246	1356	14959	1326
ERR1307265	5165389	1557009	50154	541903	37499
ERR1307266	2798444	758874	25554	231781	24560
ERR1307267	3440948	998631	31000	308330	24493
