.	Basic Statistics	Per Base Sequence Quality	Per Tile Sequence Quality	Per Sequence Quality Scores	Per Base Sequence Content	Per Sequence GC Content	Per Base N Content	Sequence Length Distribution	Sequence Duplication Levels	Overrepresented Sequences	Adapter Content
SRR2977621	1	1	1	1	0.5	1	1	1	0.5	0.5	1
SRR2977622	1	1	1	1	0.5	1	1	1	0.5	0.5	1
SRR2977623	1	1	1	1	0.5	1	1	1	0.5	1	1
SRR2977624	1	1	1	1	0.25	1	1	1	0.5	1	1
SRR2977625	1	1	1	1	0.25	1	1	1	0.5	1	1
SRR2977626	1	1	1	1	0.5	1	1	1	0.25	1	1
SRR2977627	1	1	1	1	0.25	1	1	1	0.25	1	1
SRR2977628	1	1	0.25	1	0.5	1	1	1	0.25	1	1
SRR2977629	1	1	0.5	1	0.5	1	1	1	0.25	1	1
SRR2977630	1	1	0.25	1	0.5	1	1	1	0.5	1	1
SRR2977631	1	1	0.25	1	0.5	1	1	1	0.5	1	1
SRR2977632	1	1	0.25	1	0.5	1	1	1	0.5	1	1
SRR2977633	1	1	0.5	1	0.5	1	1	1	0.25	1	1
SRR2977634	1	1	0.5	1	0.5	1	1	1	0.25	1	1
SRR2977635	1	1	0.5	1	0.25	1	1	1	0.25	1	1
SRR2977636	1	1	0.25	1	0.5	1	1	1	0.5	1	1
SRR2977637	1	1	0.25	1	0.25	1	1	1	0.5	1	1
SRR2977638	1	1	0.5	1	0.5	1	1	1	0.5	1	1
SRR2977639	1	1	0.5	1	0.5	1	1	1	0.25	1	1
SRR2977640	1	1	1	1	0.25	1	1	1	0.5	0.5	1
SRR2977641	1	1	1	1	0.25	1	1	1	0.5	0.5	1
SRR2977642	1	1	1	1	0.25	1	1	1	0.5	0.5	1
SRR2977643	1	1	1	1	0.25	1	1	1	0.5	0.5	1
SRR2977644	1	1	1	1	0.25	0.5	1	1	0.5	0.5	1
SRR2977645	1	1	1	1	0.25	1	1	1	0.5	0.5	1
SRR2977646	1	1	1	1	0.25	0.5	1	1	0.5	0.5	1
SRR2977647	1	1	1	1	0.25	0.5	1	1	0.5	0.5	1
SRR2977648	1	1	1	1	0.25	0.5	1	1	0.5	0.5	1
SRR2977649	1	1	1	1	0.25	0.5	1	1	0.25	0.5	1
SRR2977650	1	1	1	1	0.25	0.5	1	1	0.25	0.5	1
SRR2977651	1	1	1	1	0.25	0.5	1	1	0.25	0.5	1
SRR2977652	1	1	1	1	0.25	1	1	1	0.25	0.5	1
SRR2977653	1	1	1	1	0.25	0.5	1	1	0.25	0.5	1
SRR2977654	1	1	1	1	0.25	0.5	1	1	0.25	0.5	1
SRR2977655	1	1	1	1	0.25	0.5	1	1	0.5	0.5	1
SRR2977656	1	1	1	1	0.25	0.5	1	1	0.5	0.5	1
SRR2977657	1	1	1	1	0.25	0.5	1	1	0.5	0.5	1
SRR2977658	1	1	1	1	0.25	0.5	1	1	0.5	0.25	1
SRR2977659	1	1	1	1	0.25	0.5	1	1	0.5	0.5	1
SRR2977660	1	1	1	1	0.25	0.5	1	1	0.5	0.5	1
SRR2977661	1	1	0.5	1	0.25	0.5	1	1	0.5	0.25	1
SRR2977662	1	1	0.25	1	0.25	0.5	1	1	0.5	0.5	1
SRR2977663	1	1	0.25	1	0.25	0.5	1	1	0.5	0.5	1
SRR2977664	1	1	0.5	1	0.25	0.5	1	1	0.5	0.5	1
SRR2977665	1	1	0.25	1	0.25	0.5	1	1	0.5	0.5	1
SRR2977666	1	1	0.5	1	0.25	0.5	1	1	0.5	0.5	1
SRR2977667	1	1	1	1	0.25	0.5	1	1	0.25	0.25	1
SRR2977668	1	1	1	1	0.25	1	1	1	0.25	0.5	1
SRR2977669	1	1	1	1	0.25	1	1	1	0.5	0.5	1
SRR2977670	1	1	1	1	0.25	0.5	1	1	0.5	0.5	1
SRR2977671	1	1	1	1	0.25	0.5	1	1	0.5	0.5	1
SRR2977672	1	1	1	1	0.25	0.25	1	1	0.25	0.25	1
SRR2977673	1	1	0.25	1	0.25	0.25	1	1	0.25	0.25	1
SRR2977674	1	1	0.5	1	0.25	0.25	1	1	0.5	0.25	1
SRR2977675	1	1	0.25	1	0.25	0.5	1	1	0.5	0.5	1
SRR2977676	1	1	0.5	1	0.25	0.5	1	1	0.5	0.25	1
SRR2977677	1	1	0.5	1	0.25	0.5	1	1	0.5	0.25	1
SRR2977678	1	1	0.25	1	0.25	1	1	1	0.25	0.5	1
SRR2977679	1	1	1	1	0.25	0.5	1	1	0.25	0.5	1
SRR2977680	1	1	1	1	0.25	0.25	1	1	0.25	0.25	1
SRR2977681	1	1	1	1	0.25	0.5	1	1	0.25	0.5	1
SRR2977682	1	1	1	1	0.25	0.25	1	1	0.5	0.25	1
SRR2977683	1	1	1	1	0.25	1	1	1	0.5	0.5	1
SRR2977684	1	1	1	1	0.25	0.5	1	1	0.5	0.5	1
SRR2977685	1	1	0.25	1	0.25	0.25	1	1	0.5	0.5	1
SRR2977686	1	1	0.25	1	0.25	0.25	1	1	0.25	0.25	1
SRR2977687	1	1	0.25	1	0.25	0.25	1	1	0.5	0.25	1
SRR2977688	1	1	0.25	1	0.25	1	1	1	0.5	0.5	1
SRR2977689	1	1	0.25	1	0.25	0.25	1	1	0.5	0.25	1
SRR2977690	1	1	0.25	1	0.25	0.25	1	1	0.25	0.25	1
SRR2977691	1	1	0.5	1	0.25	0.25	1	1	0.5	0.25	1
SRR2977692	1	1	0.5	1	0.25	0.25	1	1	0.5	0.25	1
SRR2977693	1	1	0.5	1	0.25	1	1	1	0.5	0.5	1
SRR2977694	1	1	0.5	1	0.25	1	1	1	0.5	0.5	1
SRR2977695	1	1	0.5	1	0.25	0.5	1	1	0.5	0.25	1
SRR2977696	1	1	0.5	1	0.25	0.25	1	1	0.5	0.25	1
SRR2977697	1	1	0.25	1	0.25	0.25	1	1	0.5	0.25	1
SRR2977698	1	1	0.25	1	0.25	1	1	1	1	0.5	1
SRR2977699	1	1	0.25	1	0.25	0.5	1	1	0.5	0.5	1
SRR2977700	1	1	0.25	1	0.25	0.5	1	1	0.5	0.5	1
SRR2977701	1	1	0.25	1	0.25	0.5	1	1	0.5	0.5	1
SRR2977702	1	1	0.25	1	0.25	1	1	1	0.5	0.5	1
SRR2977703	1	1	0.5	1	0.25	0.5	1	1	0.5	0.5	1
SRR2977704	1	1	0.5	1	0.25	0.25	1	1	0.5	0.25	1
SRR2977705	1	1	0.5	1	0.25	0.5	1	1	0.5	0.25	1
SRR2977706	1	1	0.5	1	0.25	1	1	1	0.5	0.5	1
SRR2977707	1	1	0.5	1	0.25	0.25	1	1	0.5	0.25	1
SRR2977708	1	1	0.5	1	0.25	1	1	1	0.5	0.5	1
SRR2977709	1	1	0.25	1	0.25	0.5	1	1	0.5	0.5	1
SRR2977710	1	1	0.25	1	0.25	0.25	1	1	0.5	0.25	1
SRR2977711	1	1	0.25	1	0.25	1	1	1	0.5	0.5	1
SRR2977712	1	1	0.25	1	0.25	1	1	1	0.5	0.5	1
SRR2977713	1	1	0.25	1	0.25	1	1	1	0.5	0.5	1
SRR2977714	1	1	0.25	1	0.25	1	1	1	0.5	0.5	1
SRR2977715	1	1	0.5	1	0.25	1	1	1	0.5	0.5	1
SRR2977716	1	1	1	1	0.25	0.5	1	1	0.5	0.5	1
SRR2977717	1	1	0.5	1	0.25	1	1	1	0.5	0.5	1
SRR2977718	1	1	0.5	1	0.25	0.25	1	1	0.5	0.25	1
SRR2977719	1	1	0.5	1	0.25	1	1	1	0.5	0.5	1
SRR2977720	1	1	0.5	1	0.25	0.5	1	1	0.5	0.25	1
SRR2977721	1	1	0.25	1	0.25	1	1	1	0.5	0.5	1
SRR2977722	1	1	0.25	1	0.25	0.5	1	1	0.5	0.25	1
SRR2977723	1	1	0.25	1	0.25	0.5	1	1	0.5	0.5	1
SRR2977724	1	1	0.25	1	0.25	0.25	1	1	0.5	0.25	1
SRR2977725	1	1	0.25	1	0.25	0.25	1	1	0.5	0.25	1
SRR2977726	1	1	0.25	1	0.25	0.5	1	1	0.5	0.25	1
SRR2977727	1	1	0.5	1	0.25	1	1	1	0.5	0.5	1
SRR2977728	1	1	0.5	1	0.25	0.5	1	1	0.5	0.5	1
SRR2977729	1	1	0.5	1	0.25	0.5	1	1	0.5	0.25	1
SRR2977730	1	1	0.5	1	0.25	0.5	1	1	1	0.25	1
SRR2977731	1	1	0.5	1	0.25	0.5	1	1	0.5	0.5	1
SRR2977732	1	1	0.5	1	0.25	1	1	1	0.5	0.5	1
SRR2977733	1	1	0.25	1	0.25	0.5	1	1	0.5	0.5	1
SRR2977734	1	1	0.25	1	0.25	0.5	1	1	0.5	0.25	1
SRR2977735	1	1	0.25	1	0.25	0.25	1	1	0.5	0.25	1
SRR2977736	1	1	0.25	1	0.25	1	1	1	0.5	0.5	1
SRR2977737	1	1	0.25	1	0.25	1	1	1	0.5	0.5	1
SRR2977738	1	1	0.25	1	0.25	1	1	1	0.5	0.5	1
SRR2977739	1	1	0.25	1	0.25	0.25	1	1	0.5	0.25	1
SRR2977740	1	1	0.25	1	0.25	0.25	1	1	0.5	0.25	1
SRR2977741	1	1	0.25	1	0.25	0.25	1	1	0.5	0.25	1
SRR2977742	1	1	0.5	1	0.25	1	1	1	0.5	0.5	1
SRR2977743	1	1	0.5	1	0.25	1	1	1	0.5	0.5	1
SRR2977744	1	1	0.5	1	0.25	0.5	1	1	0.5	0.5	1
SRR2977745	1	1	0.5	1	0.25	1	1	1	0.5	0.5	1
SRR2977746	1	1	0.5	1	0.25	0.5	1	1	0.5	0.5	1
SRR2977747	1	1	0.5	1	0.25	0.5	1	1	0.5	0.5	1
SRR2977748	1	1	1	1	0.25	0.5	1	1	0.5	0.5	1
SRR2977749	1	1	1	1	0.25	0.5	1	1	0.5	0.5	1
SRR2977750	1	1	1	1	0.25	1	1	1	0.5	0.5	1
SRR2977751	1	1	1	1	0.25	0.5	1	1	0.5	0.5	1
SRR2977752	1	1	1	1	0.25	0.5	1	1	0.5	0.5	1
SRR2977753	1	1	1	1	0.25	0.5	1	1	0.5	0.5	1
SRR2977754	1	1	0.5	1	0.25	0.5	1	1	0.5	0.5	1
SRR2977755	1	1	0.5	1	0.25	0.5	1	1	0.5	0.5	1
SRR2977756	1	1	0.5	1	0.25	0.5	1	1	0.25	0.5	1
SRR2977757	1	1	0.5	1	0.25	0.5	1	1	0.5	0.5	1
SRR2977758	1	1	0.5	1	0.25	0.25	1	1	0.5	0.5	1
SRR2977759	1	1	0.5	1	0.25	0.25	1	1	0.5	0.5	1
SRR2977760	1	1	1	1	0.25	0.25	1	1	0.25	0.5	1
SRR2977761	1	1	1	1	0.25	1	1	1	0.5	0.5	1
SRR2977762	1	1	1	1	0.25	0.5	1	1	0.5	0.5	1
SRR2977763	1	1	1	1	0.25	0.5	1	1	0.5	0.5	1
SRR2977764	1	1	1	1	0.25	0.5	1	1	0.5	1	1
SRR2977765	1	1	1	1	0.25	0.25	1	1	0.5	0.5	1
SRR2977766	1	1	0.5	1	0.25	0.5	1	1	0.5	0.5	1
SRR2977767	1	1	0.5	1	0.25	0.5	1	1	0.5	0.5	1
SRR2977768	1	1	0.5	1	0.25	1	1	1	0.25	0.5	1
SRR2977769	1	1	0.5	1	0.25	0.5	1	1	0.5	0.5	1
SRR2977770	1	1	0.5	1	0.25	0.25	1	1	0.25	1	1
SRR2977771	1	1	0.5	1	0.25	0.25	1	1	0.5	0.5	1
SRR2977772	1	1	1	1	0.25	0.25	1	1	0.25	0.5	1
SRR2977773	1	1	1	1	0.25	0.5	1	1	0.5	0.5	1
SRR2977774	1	1	1	1	0.25	0.5	1	1	0.25	1	1
SRR2977775	1	1	1	1	0.25	0.5	1	1	0.5	0.5	1
SRR2977776	1	1	1	1	0.25	0.5	1	1	0.25	1	1
SRR2977777	1	1	1	1	0.25	0.5	1	1	0.25	1	1
SRR2977778	1	1	0.25	1	0.25	0.5	1	1	0.5	0.5	1
SRR2977779	1	1	0.25	1	0.25	0.5	1	1	0.5	1	1
SRR2977780	1	1	0.25	1	0.25	0.5	1	1	0.5	1	1
SRR2977781	1	1	0.25	1	0.25	0.5	1	1	0.5	0.5	1
SRR2977782	1	1	1	1	0.25	0.5	1	1	0.5	1	1
SRR2977783	1	1	0.25	1	0.25	0.5	1	1	0.5	1	1
SRR2977784	1	1	1	1	0.25	0.25	1	1	0.5	1	1
SRR2977785	1	1	1	1	0.25	0.5	1	1	0.25	1	1
SRR2977786	1	1	1	1	0.25	0.5	1	1	0.5	1	1
SRR2977787	1	1	1	1	0.25	0.5	1	1	0.5	1	1
SRR2977788	1	1	1	1	0.25	0.5	1	1	0.5	1	1
SRR2977789	1	1	1	1	0.25	0.25	1	1	0.5	1	1
SRR2977790	1	1	0.25	1	0.25	0.5	1	1	0.5	0.5	1
SRR2977791	1	1	0.25	1	0.25	1	1	1	0.5	0.5	1
SRR2977792	1	1	0.25	1	0.25	0.5	1	1	0.5	0.5	1
SRR2977793	1	1	0.25	1	0.25	0.5	1	1	0.5	0.5	1
SRR2977794	1	1	0.25	1	0.25	0.5	1	1	0.5	0.5	1
SRR2977795	1	1	0.25	1	0.25	1	1	1	0.5	0.5	1
SRR2977796	1	1	1	1	0.25	0.5	1	1	0.25	0.5	1
SRR2977797	1	1	1	1	0.25	1	1	1	0.25	0.5	1
SRR2977798	1	1	1	1	0.25	1	1	1	0.25	0.5	1
SRR2977799	1	1	1	1	0.25	1	1	1	0.5	0.5	1
SRR2977800	1	1	1	1	0.25	0.5	1	1	0.5	0.5	1
SRR2977801	1	1	1	1	0.25	1	1	1	0.5	1	1
SRR2977802	1	1	0.25	1	0.25	1	1	1	0.5	0.5	1
SRR2977803	1	1	0.25	1	0.25	0.5	1	1	0.5	0.5	1
SRR2977804	1	1	0.25	1	0.25	0.5	1	1	0.5	0.5	1
SRR2977805	1	1	0.25	1	0.25	1	1	1	0.5	0.5	1
SRR2977806	1	1	0.25	1	0.25	0.5	1	1	0.5	0.5	1
SRR2977807	1	1	0.25	1	0.25	0.5	1	1	0.5	0.5	1
SRR2977808	1	1	1	1	0.25	0.5	1	1	0.5	0.5	1
SRR2977809	1	1	1	1	0.25	0.5	1	1	0.5	0.5	1
SRR2977810	1	1	1	1	0.25	0.5	1	1	0.25	1	1
SRR2977811	1	1	1	1	0.25	1	1	1	0.5	0.5	1
SRR2977812	1	1	1	1	0.25	0.5	1	1	0.25	1	1
SRR2977813	1	1	1	1	0.25	0.5	1	1	0.5	0.5	1
SRR2977814	1	1	0.25	1	0.25	0.5	1	1	0.5	0.5	1
SRR2977815	1	1	0.25	1	0.25	1	1	1	0.5	0.5	1
SRR2977816	1	1	0.25	1	0.25	1	1	1	0.5	0.5	1
SRR2977817	1	1	1	1	0.25	1	1	1	0.5	0.5	1
SRR2977818	1	1	1	1	0.25	1	1	1	0.25	0.5	1
SRR2977819	1	1	1	1	0.25	1	1	1	0.5	0.5	1
SRR2977820	1	1	1	1	0.25	1	1	1	0.5	0.5	1
SRR2977821	1	1	1	1	0.25	1	1	1	0.5	0.5	1
SRR2977822	1	1	1	1	0.25	1	1	1	0.25	0.5	1
SRR2977823	1	1	1	1	0.25	1	1	1	0.25	0.5	1
SRR2977824	1	1	1	1	0.25	1	1	1	0.5	0.5	1
SRR2977825	1	1	1	1	0.25	1	1	1	0.25	0.5	1
SRR2977826	1	1	1	1	0.25	1	1	1	0.25	0.5	1
SRR2977827	1	1	1	1	0.25	1	1	1	0.25	0.5	1
SRR2977828	1	1	1	1	0.25	1	1	1	0.5	0.5	1
SRR2977830	1	1	1	1	0.25	0.5	1	1	0.5	0.5	1
SRR2977831	1	1	1	1	0.25	1	1	1	0.25	0.5	1
SRR2977832	1	1	1	1	0.25	1	1	1	0.25	0.5	1
SRR2977833	1	1	1	1	0.25	0.5	1	1	0.25	0.5	1
SRR2977834	1	1	1	1	0.25	1	1	1	0.25	0.5	1
SRR2977835	1	1	1	1	0.25	0.5	1	1	0.25	0.5	1
SRR2977836	1	1	1	1	0.25	1	1	1	0.25	0.5	1
SRR2977837	1	1	1	1	0.25	0.5	1	1	0.5	0.5	1
SRR2977838	1	1	1	1	0.25	1	1	1	0.25	0.5	1
SRR2977839	1	1	1	1	0.25	0.5	1	1	0.5	0.5	1
SRR2977840	1	1	1	1	0.25	1	1	1	0.5	1	1
SRR2977841	1	1	1	1	0.25	1	1	1	0.5	0.5	1
SRR2977842	1	1	1	1	0.25	0.5	1	1	0.5	0.5	1
SRR2977843	1	1	1	1	0.25	1	1	1	0.5	0.5	1
SRR2977844	1	1	1	1	0.25	0.5	1	1	0.5	0.5	1
SRR2977845	1	1	1	1	0.25	1	1	1	0.25	0.5	1
SRR2977846	1	1	1	1	0.25	1	1	1	0.25	0.5	1
SRR2977847	1	1	1	1	0.25	0.5	1	1	0.5	0.5	1
SRR2977848	1	1	1	1	0.25	1	1	1	0.25	1	1
SRR2977849	1	1	1	1	0.25	0.5	1	1	0.25	0.5	1
SRR2977850	1	1	1	1	0.25	0.5	1	1	0.25	1	1
SRR2977851	1	1	0.5	1	0.25	0.5	1	1	0.25	0.5	1
SRR2977852	1	1	0.5	1	0.25	0.5	1	1	0.25	1	1
SRR2977853	1	1	0.5	1	0.25	0.5	1	1	0.5	0.5	1
SRR2977854	1	1	0.5	1	0.25	1	1	1	0.25	0.5	1
SRR2977855	1	1	0.5	1	0.25	0.5	1	1	0.25	0.5	1
SRR2977856	1	1	0.5	1	0.25	1	1	1	0.25	0.5	1
SRR2977857	1	1	1	1	0.25	1	1	1	0.25	0.5	1
SRR2977858	1	1	1	1	0.25	1	1	1	0.25	0.5	1
SRR2977859	1	1	1	1	0.25	1	1	1	0.25	0.5	1
SRR2977860	1	1	1	1	0.25	1	1	1	0.25	1	1
SRR2977861	1	1	1	1	0.25	0.5	1	1	0.25	0.5	1
SRR2977862	1	1	0.5	1	0.25	1	1	1	0.25	0.5	1
SRR2977863	1	1	0.5	1	0.25	1	1	1	0.25	1	1
SRR2977864	1	1	0.5	1	0.25	1	1	1	0.25	0.5	1
SRR2977865	1	1	0.5	1	0.25	1	1	1	0.25	0.5	1
SRR2977866	1	1	0.5	1	0.25	1	1	1	0.5	0.5	1
SRR2977867	1	1	0.5	1	0.25	1	1	1	0.25	0.5	1
SRR2977868	1	1	1	1	0.25	1	1	1	0.25	0.5	1
SRR2977869	1	1	1	1	0.25	1	1	1	0.5	0.5	1
SRR2977870	1	1	1	1	0.25	1	1	1	0.25	0.5	1
SRR2977871	1	1	1	1	0.25	1	1	1	0.25	0.5	1
SRR2977872	1	1	1	1	0.25	1	1	1	0.25	0.5	1
SRR2977873	1	1	1	1	0.25	1	1	1	0.25	0.5	1
SRR2977874	1	1	0.5	1	0.25	1	1	1	0.25	0.5	1
SRR2977875	1	1	0.5	1	0.25	1	1	1	0.25	0.5	1
SRR2977876	1	1	0.5	1	0.25	1	1	1	0.25	0.5	1
SRR2977877	1	1	0.5	1	0.25	0.5	1	1	0.25	0.5	1
SRR2977878	1	1	0.5	1	0.25	1	1	1	0.25	0.5	1
SRR2977879	1	1	1	1	0.25	1	1	1	0.25	0.5	1
SRR2977880	1	1	1	1	0.25	1	1	1	0.25	1	1
SRR2977881	1	1	1	1	0.25	1	1	1	0.25	0.5	1
SRR2977882	1	1	1	1	0.25	1	1	1	0.25	0.5	1
SRR2977883	1	1	1	1	0.25	0.5	1	1	0.25	0.5	1
SRR2977884	1	1	1	1	0.25	0.5	1	1	0.25	0.5	1
SRR2977885	1	1	1	1	0.25	1	1	1	0.25	0.5	1
SRR2977886	1	1	1	1	0.25	1	1	1	0.5	0.5	1
SRR2977887	1	1	1	1	0.25	0.5	1	1	0.5	0.5	1
SRR2977888	1	1	1	1	0.25	0.5	1	1	0.5	0.5	1
SRR2977889	1	1	1	1	0.25	1	1	1	0.5	0.5	1
SRR2977890	1	1	1	1	0.25	1	1	1	0.5	0.5	1
SRR2977891	1	1	1	1	0.25	1	1	1	0.5	0.5	1
SRR2977892	1	1	1	1	0.25	1	1	1	0.25	0.5	1
SRR2977893	1	1	1	1	0.25	0.5	1	1	0.5	0.5	1
SRR2977894	1	1	1	1	0.25	1	1	1	0.5	0.5	1
SRR2977895	1	1	1	1	0.25	0.5	1	1	0.5	0.5	1
SRR2977896	1	1	1	1	0.25	0.5	1	1	0.25	1	1
SRR2977897	1	1	1	1	0.25	0.5	1	1	0.5	1	1
SRR2977898	1	1	1	1	0.25	0.5	1	1	0.25	0.5	1
SRR2977899	1	1	1	1	0.25	0.5	1	1	0.25	0.5	1
SRR2977900	1	1	1	1	0.25	0.5	1	1	0.5	0.5	1
SRR2977901	1	1	1	1	0.25	1	1	1	0.25	0.5	1
SRR2977902	1	1	1	1	0.25	0.5	1	1	0.25	0.5	1
SRR2977903	1	1	1	1	0.25	1	1	1	0.5	0.5	1
SRR2977904	1	1	1	1	0.25	0.5	1	1	0.5	0.5	1
SRR2977905	1	1	1	1	0.25	0.5	1	1	0.5	0.5	1
SRR2977906	1	1	1	1	0.25	0.5	1	1	0.5	0.5	1
SRR2977907	1	1	1	1	0.25	0.5	1	1	0.25	0.5	1
SRR2977908	1	1	1	1	0.25	0.5	1	1	0.25	0.5	1
SRR2977909	1	1	1	1	0.25	0.5	1	1	0.25	0.5	1
SRR2977910	1	1	1	1	0.25	0.5	1	1	0.5	0.5	1
SRR2977911	1	1	1	1	0.25	0.5	1	1	0.5	0.5	1
SRR2977912	1	1	1	1	0.25	0.5	1	1	0.5	0.5	1
SRR2977913	1	1	1	1	0.25	0.5	1	1	0.5	0.5	1
SRR2977914	1	1	1	1	0.25	0.5	1	1	0.5	0.5	1
SRR2977915	1	1	1	1	0.25	0.5	1	1	0.5	0.5	1
SRR2977916	1	1	1	1	0.25	0.5	1	1	0.25	1	1
SRR2977917	1	1	1	1	0.25	0.5	1	1	0.25	0.5	1
SRR2977918	1	1	1	1	0.25	0.5	1	1	0.25	0.5	1
SRR2977919	1	1	1	1	0.25	0.5	1	1	0.25	0.5	1
SRR2977920	1	1	1	1	0.25	0.25	1	1	0.25	1	1
SRR2977921	1	1	1	1	0.25	0.5	1	1	0.25	0.5	1
SRR2977922	1	1	1	1	0.25	0.25	1	1	0.25	1	1
SRR2977923	1	1	1	1	0.25	0.5	1	1	0.5	0.5	1
SRR2977924	1	1	1	1	0.25	0.5	1	1	0.25	0.5	1
SRR2977925	1	1	1	1	0.25	0.5	1	1	0.25	0.5	1
SRR2977926	1	1	0.5	1	0.25	0.5	1	1	0.5	0.5	1
SRR2977927	1	1	0.5	1	0.25	1	1	1	0.25	0.5	1
SRR2977928	1	1	0.5	1	0.25	0.5	1	1	0.25	0.5	1
SRR2977929	1	1	0.5	1	0.25	1	1	1	0.25	0.5	1
SRR2977930	1	1	0.5	1	0.25	1	1	1	0.25	0.5	1
SRR2977931	1	1	0.5	1	0.25	0.5	1	1	0.25	1	1
SRR2977932	1	1	1	1	0.25	0.5	1	1	0.25	0.5	1
SRR2977933	1	1	1	1	0.25	0.5	1	1	0.25	0.5	1
SRR2977934	1	1	1	1	0.25	1	1	1	0.25	0.5	1
SRR2977935	1	1	1	1	0.25	0.5	1	1	0.25	0.5	1
SRR2977936	1	1	1	1	0.25	0.5	1	1	0.5	0.5	1
SRR2977937	1	1	1	1	0.25	0.5	1	1	0.25	0.5	1
SRR2977938	1	1	0.5	1	0.25	0.5	1	1	0.25	0.5	1
SRR2977939	1	1	0.5	1	0.25	1	1	1	0.25	0.5	1
SRR2977940	1	1	0.5	1	0.25	0.5	1	1	0.25	1	1
SRR2977941	1	1	0.5	1	0.25	0.5	1	1	0.5	1	1
SRR2977942	1	1	0.5	1	0.25	0.5	1	1	0.5	0.5	1
SRR2977943	1	1	0.5	1	0.25	0.5	1	1	0.25	1	1
SRR2977944	1	1	1	1	0.25	0.5	1	1	0.25	1	1
SRR2977945	1	1	1	1	0.25	0.5	1	1	0.25	1	1
SRR2977946	1	1	1	1	0.25	0.5	1	1	0.5	0.5	1
SRR2977947	1	1	1	1	0.25	0.5	1	1	0.25	1	1
SRR2977948	1	1	1	1	0.25	0.5	1	1	0.25	0.5	1
SRR2977949	1	1	1	1	0.25	0.5	1	1	0.25	0.5	1
SRR2977950	1	1	0.5	1	0.25	1	1	1	0.5	0.5	1
SRR2977951	1	1	0.5	1	0.25	1	1	1	0.5	0.5	1
SRR2977952	1	1	0.5	1	0.25	0.5	1	1	0.25	0.5	1
SRR2977953	1	1	0.5	1	0.25	0.5	1	1	0.5	0.5	1
SRR2977954	1	1	0.5	1	0.25	0.5	1	1	0.25	0.5	1
SRR2977955	1	1	0.5	1	0.25	1	1	1	0.25	0.5	1
SRR2977956	1	1	1	1	0.25	0.5	1	1	0.25	0.5	1
SRR2977957	1	1	1	1	0.25	0.5	1	1	0.5	0.5	1
SRR2977958	1	1	1	1	0.25	0.5	1	1	0.5	0.5	1
SRR2977959	1	1	1	1	0.25	0.5	1	1	0.5	1	1
SRR2977960	1	1	1	1	0.25	0.5	1	1	0.25	0.5	1
SRR2977961	1	1	1	1	0.25	0.5	1	1	0.5	1	1
SRR2977962	1	1	0.5	1	0.25	0.5	1	1	0.25	1	1
SRR2977963	1	1	0.5	1	0.25	0.5	1	1	0.5	1	1
SRR2977964	1	1	0.25	1	0.25	0.5	1	1	0.25	1	1
SRR2977965	1	1	0.5	1	0.25	0.5	1	1	0.25	0.5	1
SRR2977966	1	1	0.5	1	0.25	0.5	1	1	0.25	0.5	1
SRR2977967	1	1	0.5	1	0.25	0.5	1	1	0.5	1	1
SRR2977968	1	1	1	1	0.25	0.5	1	1	0.25	0.5	1
SRR2977969	1	1	1	1	0.25	0.5	1	1	0.25	0.5	1
SRR2977970	1	1	1	1	0.25	0.5	1	1	0.25	0.5	1
SRR2977971	1	1	1	1	0.25	0.25	1	1	0.25	1	1
SRR2977972	1	1	1	1	0.25	0.25	1	1	0.25	1	1
SRR2977973	1	1	1	1	0.25	0.5	1	1	0.25	1	1
SRR2977974	1	1	0.25	1	0.25	0.25	1	1	0.25	1	1
SRR2977975	1	1	0.5	1	0.25	0.5	1	1	0.25	1	1
SRR2977976	1	1	0.25	1	0.25	0.25	1	1	0.25	1	1
SRR2977977	1	1	0.5	1	0.25	0.5	1	1	0.25	1	1
SRR2977978	1	1	0.5	1	0.25	0.25	1	1	0.25	1	1
SRR2977979	1	1	1	1	0.25	0.5	1	1	0.25	0.5	1
SRR2977980	1	1	1	1	0.25	0.5	1	1	0.25	0.5	1
SRR2977981	1	1	1	1	0.25	0.25	1	1	0.25	1	1
SRR2977982	1	1	1	1	0.25	0.25	1	1	0.25	1	1
SRR2977983	1	1	0.25	1	0.25	0.25	1	1	0.25	1	1
SRR2977984	1	1	0.25	1	0.25	0.5	1	1	0.25	1	1
SRR2977985	1	1	0.25	1	0.25	0.25	1	1	0.25	1	1
SRR2977986	1	1	0.5	1	0.25	0.5	1	1	0.25	1	1
SRR2977987	1	1	1	1	0.25	0.25	1	1	0.5	1	1
SRR2977988	1	1	1	1	0.25	0.25	1	1	0.25	0.5	1
SRR2977989	1	1	1	1	0.25	0.25	1	1	0.25	1	1
SRR2977991	1	1	1	1	0.25	0.25	1	1	0.25	1	1
SRR2977992	1	1	1	1	0.25	0.25	1	1	0.25	1	1
SRR2977993	1	1	0.5	1	0.25	0.25	1	1	0.25	0.5	1
SRR2977994	1	1	0.5	1	0.5	0.25	1	1	0.25	1	1
SRR2977995	1	1	0.5	1	0.25	0.25	1	1	0.25	1	1
SRR2977996	1	1	0.5	1	0.25	0.25	1	1	0.25	1	1
SRR2977997	1	1	0.5	1	0.25	0.25	1	1	0.25	0.5	1
SRR2977998	1	1	1	1	0.25	0.5	1	1	0.25	0.5	1
SRR2977999	1	1	1	1	0.25	0.5	1	1	0.25	1	1
SRR2978000	1	1	1	1	0.25	0.5	1	1	0.25	0.5	1
SRR2978001	1	1	1	1	0.25	0.5	1	1	0.25	1	1
SRR2978002	1	1	1	1	0.25	0.5	1	1	0.25	0.5	1
SRR2978003	1	1	1	1	0.25	0.5	1	1	0.25	1	1
SRR2978004	1	1	0.5	1	0.25	0.25	1	1	0.25	1	1
SRR2978005	1	1	0.5	1	0.25	0.5	1	1	0.25	1	1
SRR2978006	1	1	0.5	1	0.25	0.25	1	1	0.25	1	1
SRR2978007	1	1	0.5	1	0.25	0.5	1	1	0.25	1	1
SRR2978008	1	1	0.5	1	0.25	0.5	1	1	0.25	1	1
SRR2978009	1	1	0.5	1	0.25	0.5	1	1	0.25	1	1
SRR2978010	1	1	1	1	0.25	0.5	1	1	0.25	0.5	1
SRR2978011	1	1	1	1	0.25	0.5	1	1	0.25	1	1
SRR2978012	1	1	1	1	0.25	0.5	1	1	0.25	0.5	1
SRR2978013	1	1	1	1	0.25	0.25	1	1	0.25	1	1
SRR2978014	1	1	1	1	0.25	0.5	1	1	0.25	1	1
SRR2978015	1	1	1	1	0.25	0.5	1	1	0.25	0.5	1
SRR2978016	1	1	0.5	1	0.25	0.25	1	1	0.25	1	1
SRR2978017	1	1	0.5	1	0.25	0.5	1	1	0.25	1	1
SRR2978018	1	1	0.5	1	0.25	0.25	1	1	0.25	1	1
SRR2978019	1	1	0.5	1	0.25	0.5	1	1	0.5	1	1
SRR2978020	1	1	0.5	1	0.25	0.5	1	1	0.25	1	1
SRR2978021	1	1	0.5	1	0.25	0.25	1	1	0.25	1	1
SRR2978022	1	1	1	1	0.25	0.5	1	1	0.5	0.5	1
SRR2978023	1	1	1	1	0.25	1	1	1	0.5	0.5	1
SRR2978024	1	1	1	1	0.25	1	1	1	0.5	0.5	1
SRR2978025	1	1	1	1	0.25	0.5	1	1	0.5	1	1
SRR2978026	1	1	0.5	1	0.25	0.5	1	1	0.5	0.5	1
SRR2978027	1	1	0.5	1	0.25	0.5	1	1	0.5	1	1
SRR2978028	1	1	0.5	1	0.25	0.5	1	1	0.25	1	1
SRR2978029	1	1	0.25	1	0.25	0.5	1	1	0.5	1	1
SRR2978030	1	1	1	1	0.25	0.5	1	1	0.5	0.5	1
SRR2978031	1	1	1	1	0.25	0.5	1	1	0.25	0.5	1
SRR2978032	1	1	1	1	0.25	0.5	1	1	0.25	0.5	1
SRR2978033	1	1	1	1	0.25	0.5	1	1	0.25	0.5	1
SRR2978034	1	1	1	1	0.25	1	1	1	0.25	0.5	1
SRR2978035	1	1	1	1	0.25	0.5	1	1	0.25	1	1
SRR2978036	1	1	0.25	1	0.25	0.25	1	1	0.25	1	1
SRR2978037	1	1	0.25	1	0.25	0.25	1	1	0.25	1	1
SRR2978038	1	1	0.25	1	0.25	0.5	1	1	0.5	1	1
SRR2978039	1	1	1	1	0.25	0.25	1	1	0.25	1	1
SRR2978040	1	1	1	1	0.25	0.25	1	1	0.25	1	1
SRR2978041	1	1	1	1	0.25	0.5	1	1	0.25	0.5	1
SRR2978042	1	1	1	1	0.25	0.5	1	1	0.25	0.5	1
SRR2978043	1	1	0.25	1	0.25	0.5	1	1	0.25	0.5	1
SRR2978044	1	1	0.25	1	0.25	0.25	1	1	0.5	0.5	1
SRR2978045	1	1	0.25	1	0.25	0.25	1	1	0.25	1	1
SRR2978046	1	1	0.25	1	0.25	0.5	1	1	0.25	1	1
SRR2978047	1	1	1	1	0.25	0.5	1	1	0.25	1	1
SRR2978048	1	1	1	1	0.25	0.5	1	1	0.25	1	1
SRR2978049	1	1	1	1	0.25	0.25	1	1	0.25	1	1
SRR2978050	1	1	1	1	0.25	0.25	1	1	0.25	1	1
SRR2978051	1	1	1	1	0.25	1	1	1	0.25	0.5	1
SRR2978052	1	1	1	1	0.25	0.5	1	1	0.25	1	1
SRR2978053	1	1	0.25	1	0.25	1	1	1	0.25	0.5	1
SRR2978054	1	1	0.25	1	0.25	0.5	1	1	0.25	1	1
SRR2978055	1	1	0.25	1	0.25	0.25	1	1	0.25	1	1
SRR2978056	1	1	0.25	1	0.25	0.5	1	1	0.25	1	1
SRR2978057	1	1	1	1	0.25	0.5	1	1	0.25	1	1
SRR2978058	1	1	1	1	0.25	0.5	1	1	0.25	1	1
SRR2978059	1	1	1	1	0.25	1	1	1	0.25	0.5	1
SRR2978060	1	1	1	1	0.25	1	1	1	0.5	0.5	1
SRR2978061	1	1	0.25	1	0.25	0.5	1	1	0.5	1	1
SRR2978062	1	1	0.25	1	0.25	1	1	1	0.5	0.5	1
SRR2978063	1	1	0.25	1	0.25	1	1	1	0.5	0.5	1
SRR2978064	1	1	0.25	1	0.25	1	1	1	0.5	0.5	1
SRR2978065	1	1	0.25	1	0.25	1	1	1	0.5	0.5	1
SRR2978066	1	1	0.25	1	0.25	1	1	1	0.5	0.5	1
SRR2978067	1	1	0.25	1	0.25	0.5	1	1	0.5	0.5	1
SRR2978068	1	1	0.25	1	0.25	1	1	1	0.25	1	1
SRR2978069	1	1	0.25	1	0.25	0.5	1	1	0.5	0.5	1
SRR2978070	1	1	0.25	1	0.25	1	1	1	0.25	1	1
SRR2978071	1	1	0.25	1	0.25	0.5	1	1	0.5	0.5	1
SRR2978072	1	1	0.25	1	0.25	0.5	1	1	0.5	1	1
SRR2978073	1	1	0.25	1	0.25	0.5	1	1	0.5	0.5	1
SRR2978074	1	1	0.25	1	0.25	0.5	1	1	0.25	1	1
SRR2978075	1	1	0.25	1	0.25	0.5	1	1	0.5	1	1
SRR2978076	1	1	0.25	1	0.25	0.5	1	1	0.5	0.5	1
SRR2978077	1	1	0.25	1	0.25	0.5	1	1	0.25	0.5	1
SRR2978078	1	1	0.25	1	0.25	0.5	1	1	0.25	0.5	1
SRR2978079	1	1	0.25	1	0.25	0.5	1	1	0.5	1	1
SRR2978080	1	1	0.25	1	0.25	0.5	1	1	0.5	1	1
SRR2978081	1	1	0.25	1	0.25	0.5	1	1	0.25	1	1
SRR2978082	1	1	0.25	1	0.25	0.5	1	1	0.5	1	1
SRR2978083	1	1	0.25	1	0.25	0.5	1	1	0.25	1	1
SRR2978084	1	1	0.25	1	0.25	0.5	1	1	0.5	1	1
SRR2978085	1	1	0.25	1	0.25	0.5	1	1	0.25	0.5	1
SRR2978086	1	1	0.25	1	0.25	0.5	1	1	0.5	1	1
SRR2978087	1	1	0.25	1	0.25	0.5	1	1	0.25	1	1
SRR2978088	1	1	0.25	1	0.25	0.5	1	1	0.25	1	1
SRR2978089	1	1	0.25	1	0.25	1	1	1	0.5	0.5	1
SRR2978090	1	1	0.25	1	0.25	0.5	1	1	0.25	0.5	1
SRR2978091	1	1	0.25	1	0.25	0.5	1	1	0.25	1	1
SRR2978092	1	1	0.25	1	0.25	0.5	1	1	0.5	1	1
SRR2978093	1	1	0.25	1	0.25	0.5	1	1	0.25	1	1
SRR2978094	1	1	0.25	1	0.25	0.5	1	1	0.5	1	1
SRR2978095	1	1	0.25	1	0.25	0.5	1	1	0.25	1	1
SRR2978096	1	1	0.25	1	0.25	0.5	1	1	0.25	1	1
SRR2978097	1	1	0.25	1	0.25	0.5	0.5	1	1	0.5	1
SRR2978098	1	1	0.25	1	0.25	0.5	0.5	1	0.5	1	1
SRR2978099	1	1	0.25	1	0.25	0.25	0.5	1	0.5	1	1
SRR2978100	1	1	0.25	1	0.25	0.5	0.5	1	0.5	1	1
SRR2978101	1	1	0.25	1	0.25	0.5	0.5	1	0.5	1	1
SRR2978102	1	1	0.25	1	0.25	0.5	0.5	1	0.5	1	1
SRR2978103	1	1	0.25	1	0.25	0.25	1	1	0.5	1	1
SRR2978104	1	1	0.25	1	0.25	0.5	1	1	0.25	1	1
SRR2978105	1	1	0.25	1	0.25	0.5	1	1	0.5	1	1
SRR2978106	1	1	0.25	1	0.25	0.5	1	1	0.25	1	1
SRR2978107	1	1	0.25	1	0.25	0.5	1	1	0.5	1	1
SRR2978108	1	1	0.25	1	0.25	0.5	1	1	0.5	1	1
SRR2978109	1	1	0.25	1	0.25	0.5	0.5	1	0.5	0.5	1
SRR2978110	1	1	0.25	1	0.25	0.5	0.5	1	1	1	1
SRR2978111	1	1	0.25	1	0.25	0.5	0.5	1	0.5	0.5	1
SRR2978112	1	1	0.25	1	0.25	0.5	0.5	1	0.5	0.5	1
SRR2978113	1	1	0.25	1	0.25	0.5	0.5	1	0.5	0.5	1
SRR2978114	1	1	0.25	1	0.25	0.5	0.5	1	0.5	0.5	1
SRR2978115	1	1	0.25	1	0.25	0.5	1	1	0.25	0.5	1
SRR2978116	1	1	0.25	1	0.25	0.5	1	1	0.5	0.25	1
SRR2978117	1	1	0.25	1	0.25	0.5	1	1	0.25	0.5	1
SRR2978118	1	1	0.25	1	0.25	0.5	1	1	0.5	0.5	1
SRR2978119	1	1	0.25	1	0.25	0.5	1	1	0.25	0.5	1
SRR2978120	1	1	0.25	1	0.25	1	1	1	0.5	0.5	1
SRR2978121	1	1	0.25	1	0.25	0.25	0.5	1	0.5	0.25	1
SRR2978122	1	1	0.25	1	0.25	0.25	0.5	1	1	0.5	1
SRR2978123	1	1	0.25	1	0.25	0.25	0.5	1	1	0.5	1
SRR2978124	1	1	0.25	1	0.25	0.5	0.5	1	0.5	0.5	1
SRR2978125	1	1	0.25	1	0.25	0.5	0.5	1	0.5	0.25	1
SRR2978126	1	1	0.25	1	0.25	0.25	0.5	1	1	0.5	1
SRR2978127	1	1	0.25	1	0.25	0.25	1	1	0.5	0.5	1
SRR2978128	1	1	0.25	1	0.25	0.25	1	1	0.5	0.25	1
SRR2978129	1	1	0.25	1	0.25	0.5	1	1	0.5	0.5	1
SRR2978130	1	1	0.25	1	0.25	0.5	1	1	0.5	0.5	1
SRR2978131	1	1	0.25	1	0.25	0.25	1	1	0.25	0.25	1
SRR2978132	1	1	0.25	1	0.25	0.25	1	1	0.5	0.5	1
SRR2978133	1	1	0.25	1	0.25	0.5	1	1	0.25	0.5	1
SRR2978134	1	1	0.25	1	0.25	1	1	1	0.5	0.5	1
SRR2978135	1	1	0.25	1	0.25	1	1	1	0.25	0.5	1
SRR2978136	1	1	0.25	1	0.25	1	1	1	0.5	0.5	1
SRR2978137	1	1	0.25	1	0.25	0.5	1	1	0.25	0.5	1
SRR2978138	1	1	0.25	1	0.25	0.5	1	1	0.5	0.5	1
SRR2978139	1	1	0.25	1	0.25	0.5	1	1	0.5	0.5	1
SRR2978140	1	1	0.25	1	0.25	0.5	1	1	0.5	0.5	1
SRR2978141	1	1	0.25	1	0.25	1	1	1	0.25	0.5	1
SRR2978142	1	1	0.25	1	0.25	1	1	1	0.25	0.5	1
SRR2978143	1	1	0.25	1	0.25	1	1	1	0.25	0.5	1
SRR2978144	1	1	0.25	1	0.25	1	1	1	0.5	0.5	1
SRR2978145	1	1	0.25	1	0.25	0.5	1	1	0.25	0.5	1
SRR2978146	1	1	0.25	1	0.25	0.5	1	1	0.5	0.5	1
SRR2978147	1	1	0.25	1	0.25	1	1	1	0.25	0.5	1
SRR2978148	1	1	0.25	1	0.25	1	1	1	0.25	0.5	1
SRR2978149	1	1	0.25	1	0.25	1	1	1	0.25	0.5	1
SRR2978150	1	1	0.25	1	0.25	0.5	1	1	0.25	0.5	1
SRR2978151	1	1	0.25	1	0.25	0.5	1	1	0.25	0.5	1
SRR2978152	1	1	0.25	1	0.25	0.5	1	1	0.25	1	1
SRR2978153	1	1	0.25	1	0.25	0.5	1	1	0.25	0.5	1
SRR2978154	1	1	0.25	1	0.25	0.5	1	1	0.5	1	1
SRR2978155	1	1	0.25	1	0.25	0.5	1	1	0.5	1	1
SRR2978156	1	1	0.25	1	0.25	0.5	1	1	0.25	1	1
SRR2978157	1	1	0.25	1	0.25	1	1	1	0.25	0.5	1
SRR2978158	1	1	0.25	1	0.25	1	1	1	0.25	0.5	1
SRR2978159	1	1	0.25	1	0.25	0.5	1	1	0.5	0.5	1
SRR2978160	1	1	0.25	1	0.25	0.5	1	1	0.25	0.5	1
SRR2978161	1	1	0.25	1	0.25	0.5	1	1	0.25	0.5	1
SRR2978162	1	1	0.25	1	0.25	0.5	1	1	0.25	1	1
SRR2978163	1	1	0.25	1	0.25	0.25	1	1	0.25	0.5	1
SRR2978164	1	1	0.25	1	0.25	0.5	1	1	0.25	1	1
SRR2978165	1	1	0.25	1	0.25	0.5	1	1	0.5	1	1
SRR2978166	1	1	0.25	1	0.25	1	1	1	0.25	1	1
SRR2978167	1	1	0.25	1	0.25	0.5	1	1	0.25	0.5	1
SRR2978168	1	1	0.25	1	0.25	0.5	1	1	0.25	0.5	1
SRR2978169	1	1	0.25	1	0.25	0.5	1	1	0.25	1	1
SRR2978170	1	1	0.25	1	0.25	0.5	1	1	0.25	1	1
SRR2978171	1	1	0.25	1	0.25	0.5	1	1	0.25	1	1
SRR2978172	1	1	0.25	1	0.25	1	1	1	0.25	0.5	1
SRR2978173	1	1	0.25	1	0.25	1	1	1	0.25	1	1
SRR2978174	1	1	0.25	1	0.25	0.5	1	1	0.25	1	1
SRR2978175	1	1	0.25	1	0.25	0.5	1	1	0.5	1	1
SRR2978176	1	1	0.25	1	0.25	1	1	1	0.25	0.5	1
SRR2978177	1	1	0.25	1	0.25	1	1	1	0.5	1	1
SRR2978179	1	1	0.25	1	0.25	0.5	1	1	0.5	1	1
SRR2978180	1	1	0.25	1	0.25	0.5	1	1	0.25	1	1
SRR2978181	1	1	0.25	1	0.25	0.25	1	1	0.25	0.5	1
SRR2978182	1	1	0.25	1	0.25	0.5	1	1	0.25	0.5	1
SRR2978183	1	1	0.25	1	0.25	1	1	1	0.25	0.5	1
SRR2978184	1	1	0.25	1	0.25	0.5	1	1	0.25	1	1
SRR2978185	1	1	0.25	1	0.25	0.5	1	1	0.25	0.5	1
SRR2978186	1	1	0.25	1	0.25	0.5	1	1	0.25	0.5	1
SRR2978187	1	1	0.25	1	0.25	1	1	1	0.5	0.5	1
SRR2978188	1	1	0.25	1	0.25	1	1	1	0.5	0.5	1
SRR2978189	1	1	0.25	1	0.25	1	1	1	0.5	0.5	1
SRR2978190	1	1	0.25	1	0.25	0.5	1	1	0.5	1	1
SRR2978191	1	1	0.25	1	0.25	0.5	1	1	0.25	1	1
SRR2978192	1	1	0.25	1	0.25	0.5	1	1	0.25	1	1
SRR2978193	1	1	0.25	1	0.25	0.5	1	1	0.25	0.5	1
SRR2978194	1	1	0.25	1	0.25	1	1	1	0.5	0.5	1
SRR2978195	1	1	0.25	1	0.25	0.5	1	1	0.25	0.5	1
SRR2978196	1	1	0.25	1	0.25	1	1	1	0.25	0.5	1
SRR2978197	1	1	0.25	1	0.25	0.5	1	1	0.25	0.5	1
SRR2978198	1	1	0.25	1	0.25	0.5	1	1	0.25	0.5	1
SRR2978199	1	1	0.25	1	0.25	0.5	1	1	0.5	1	1
SRR2978200	1	1	0.25	1	0.25	0.5	1	1	0.5	0.5	1
SRR2978201	1	1	0.25	1	0.25	0.5	1	1	0.25	1	1
SRR2978202	1	1	0.25	1	0.25	1	1	1	0.25	0.5	1
SRR2978203	1	1	0.25	1	0.25	0.5	1	1	0.25	1	1
SRR2978204	1	1	0.25	1	0.25	0.5	1	1	0.25	1	1
SRR2978205	1	1	1	1	0.25	0.5	1	1	0.5	0.5	1
SRR2978206	1	1	1	1	0.25	0.25	1	1	0.5	0.5	1
SRR2978207	1	1	1	1	0.25	0.25	1	1	0.5	0.25	1
SRR2978208	1	1	1	1	0.25	0.25	1	1	0.5	0.5	1
SRR2978209	1	1	1	1	0.25	0.25	1	1	0.5	0.5	1
SRR2978210	1	1	1	1	0.25	0.5	1	1	0.25	0.5	1
SRR2978211	1	1	1	1	0.25	0.25	1	1	0.25	0.5	1
SRR2978212	1	1	1	1	0.25	0.25	1	1	0.25	0.5	1
SRR2978213	1	1	1	1	0.25	0.5	1	1	0.25	0.5	1
SRR2978214	1	1	1	1	0.25	0.5	1	1	0.25	0.5	1
SRR2978215	1	1	1	1	0.25	1	1	1	0.25	0.5	1
SRR2978216	1	1	1	1	0.25	0.5	1	1	0.25	0.5	1
SRR2978217	1	1	1	1	0.25	0.25	1	1	0.5	0.5	1
SRR2978218	1	1	1	1	0.25	0.5	1	1	0.25	0.5	1
SRR2978219	1	1	1	1	0.25	0.5	1	1	0.25	0.5	1
SRR2978220	1	1	1	1	0.25	1	1	1	0.25	0.5	1
SRR2978221	1	1	1	1	0.25	0.5	1	1	0.25	0.5	1
SRR2978222	1	1	1	1	0.25	0.5	1	1	0.5	0.5	1
SRR2978223	1	1	1	1	0.25	0.5	1	1	0.5	0.5	1
SRR2978224	1	1	1	1	0.25	1	1	1	0.5	0.5	1
SRR2978225	1	1	1	1	0.25	1	1	1	0.5	0.5	1
SRR2978226	1	1	1	1	0.25	1	1	1	0.5	0.5	1
SRR2978227	1	1	1	1	0.25	0.5	1	1	0.5	0.5	1
SRR2978228	1	1	1	1	0.25	0.5	1	1	0.5	0.5	1
SRR2978229	1	1	1	1	0.25	0.5	1	1	0.5	0.5	1
SRR2978230	1	1	1	1	0.25	0.5	1	1	1	0.5	1
SRR2978231	1	1	1	1	0.25	1	1	1	0.5	0.5	1
SRR2978232	1	1	1	1	0.25	0.5	1	1	0.5	0.5	1
SRR2978233	1	1	1	1	0.25	1	1	1	0.5	0.5	1
SRR2978234	1	1	1	1	0.25	0.5	1	1	0.5	0.5	1
SRR2978235	1	1	1	1	0.25	0.5	1	1	0.5	0.5	1
SRR2978236	1	1	1	1	0.25	0.5	1	1	0.5	0.5	1
SRR2978237	1	1	1	1	0.25	0.5	1	1	0.5	0.5	1
SRR2978238	1	1	1	1	0.25	0.5	1	1	0.5	0.5	1
SRR2978239	1	1	1	1	0.25	0.5	1	1	0.5	0.5	1
SRR2978240	1	1	1	1	0.25	0.5	1	1	0.5	0.5	1
SRR2978241	1	1	1	1	0.25	0.5	1	1	0.5	0.5	1
SRR2978242	1	1	1	1	0.25	0.5	1	1	0.5	0.5	1
SRR2978243	1	1	1	1	0.25	1	1	1	0.5	0.5	1
SRR2978244	1	1	1	1	0.25	0.5	1	1	0.5	0.5	1
SRR2978245	1	1	1	1	0.25	0.5	1	1	0.5	0.5	1
SRR2978246	1	1	0.5	1	0.25	0.5	1	1	0.5	0.5	1
SRR2978247	1	1	0.5	1	0.25	0.5	1	1	1	0.5	1
SRR2978248	1	1	0.5	1	0.25	0.5	1	1	0.25	0.5	1
SRR2978249	1	1	0.5	1	0.25	0.5	1	1	0.5	0.5	1
SRR2978250	1	1	0.5	1	0.25	0.5	1	1	0.5	0.5	1
SRR2978251	1	1	0.5	1	0.25	0.5	1	1	0.5	0.5	1
SRR2978252	1	1	0.5	1	0.25	0.25	1	1	0.5	0.5	1
SRR2978253	1	1	0.5	1	0.25	0.5	1	1	0.5	0.5	1
SRR2978254	1	1	0.5	1	0.25	0.5	1	1	0.5	0.5	1
SRR2978255	1	1	1	1	0.25	0.5	1	1	0.5	0.5	1
SRR2978256	1	1	1	1	0.25	0.5	1	1	0.5	0.5	1
SRR2978257	1	1	1	1	0.25	0.5	1	1	0.5	0.5	1
SRR2978258	1	1	0.5	1	0.25	0.5	1	1	0.5	0.5	1
SRR2978259	1	1	0.5	1	0.25	0.5	1	1	0.5	0.5	1
SRR2978260	1	1	0.5	1	0.25	0.25	1	1	0.5	1	1
SRR2978261	1	1	0.5	1	0.25	0.5	1	1	0.5	0.5	1
SRR2978262	1	1	0.5	1	0.25	0.5	1	1	0.5	0.5	1
SRR2978263	1	1	0.5	1	0.25	0.5	1	1	0.5	0.5	1
SRR2978264	1	1	1	1	0.25	0.5	1	1	0.5	0.5	1
SRR2978265	1	1	0.5	1	0.25	0.5	1	1	0.5	0.5	1
SRR2978266	1	1	0.5	1	0.25	0.5	1	1	0.5	0.5	1
SRR2978267	1	1	1	1	0.25	0.5	1	1	0.5	0.5	1
SRR2978268	1	1	1	1	0.25	0.5	1	1	0.5	0.5	1
SRR2978269	1	1	1	1	0.25	0.5	1	1	0.5	1	1
SRR2978270	1	1	0.5	1	0.25	0.5	1	1	0.5	0.5	1
SRR2978271	1	1	0.5	1	0.25	0.5	1	1	1	0.5	1
SRR2978272	1	1	0.5	1	0.25	1	1	1	0.5	0.5	1
SRR2978273	1	1	0.5	1	0.25	0.5	1	1	0.5	0.5	1
SRR2978274	1	1	0.5	1	0.25	0.5	1	1	1	0.5	1
SRR2978275	1	1	0.5	1	0.25	0.5	1	1	0.5	0.5	1
SRR2978276	1	1	0.5	1	0.25	1	1	1	0.25	0.5	1
SRR2978277	1	1	0.5	1	0.25	1	1	1	0.5	0.5	1
SRR2978278	1	1	0.5	1	0.25	0.5	1	1	0.5	0.5	1
SRR2978279	1	1	0.5	1	0.25	1	1	1	0.5	0.5	1
SRR2978280	1	1	0.5	1	0.25	0.5	1	1	0.5	0.5	1
SRR2978281	1	1	0.5	1	0.25	0.5	1	1	0.25	0.5	1
SRR2978282	1	1	0.5	1	0.25	0.5	1	1	0.5	0.5	1
SRR2978283	1	1	0.5	1	0.25	0.5	1	1	0.5	0.5	1
SRR2978284	1	1	0.5	1	0.25	0.5	1	1	0.5	0.5	1
SRR2978285	1	1	0.5	1	0.25	0.5	1	1	0.5	0.5	1
SRR2978286	1	1	0.5	1	0.25	0.5	1	1	0.5	0.5	1
SRR2978287	1	1	0.5	1	0.25	0.5	1	1	0.5	0.5	1
SRR2978288	1	1	0.5	1	0.25	0.5	1	1	0.5	0.5	1
SRR2978289	1	1	0.5	1	0.25	0.5	1	1	0.5	0.5	1
SRR2978290	1	1	0.5	1	0.25	0.5	1	1	0.5	0.5	1
SRR2978291	1	1	0.5	1	0.25	0.5	1	1	0.5	0.5	1
SRR2978292	1	1	0.5	1	0.25	1	1	1	0.5	0.5	1
SRR2978293	1	1	0.5	1	0.25	0.5	1	1	0.5	0.5	1
SRR2978294	1	1	0.5	1	0.25	0.5	1	1	0.5	0.5	1
SRR2978295	1	1	0.5	1	0.25	0.5	1	1	0.5	0.5	1
SRR2978296	1	1	0.5	1	0.25	0.5	1	1	0.25	0.5	1
SRR2978297	1	1	0.5	1	0.25	0.5	1	1	1	0.5	1
SRR2978298	1	1	0.5	1	0.25	1	1	1	0.5	0.5	1
SRR2978299	1	1	0.5	1	0.25	0.5	1	1	0.5	0.5	1
SRR2978300	1	1	1	1	0.25	0.5	1	1	0.5	0.5	1
SRR2978301	1	1	1	1	0.25	1	1	1	0.5	0.5	1
SRR2978302	1	1	1	1	0.25	0.5	1	1	0.5	0.5	1
SRR2978303	1	1	1	1	0.25	1	1	1	0.5	0.5	1
SRR2978304	1	1	1	1	0.25	1	1	1	0.5	0.5	1
SRR2978305	1	1	0.5	1	0.25	0.5	1	1	0.5	0.5	1
SRR2978306	1	1	0.5	1	0.25	1	1	1	0.5	0.5	1
SRR2978307	1	1	0.5	1	0.25	0.5	1	1	0.5	0.5	1
SRR2978308	1	1	0.5	1	0.25	0.5	1	1	0.5	0.5	1
SRR2978309	1	1	0.5	1	0.25	0.25	1	1	0.5	0.25	1
SRR2978310	1	1	0.5	1	0.25	0.25	1	1	0.5	0.25	1
SRR2978311	1	1	0.5	1	0.25	0.25	1	1	0.5	0.25	1
SRR2978312	1	1	0.5	1	0.25	0.25	1	1	0.25	0.25	1
SRR2978313	1	1	0.5	1	0.25	0.25	1	1	0.5	0.25	1
SRR2978314	1	1	0.5	1	0.25	0.25	1	1	0.5	0.25	1
SRR2978315	1	1	0.5	1	0.25	0.25	1	1	0.5	0.25	1
SRR2978316	1	1	0.5	1	0.25	0.5	1	1	0.25	0.25	1
SRR2978317	1	1	0.5	1	0.25	0.25	1	1	0.5	0.25	1
SRR2978318	1	1	0.25	1	0.25	0.25	1	1	0.5	0.25	1
SRR2978319	1	1	0.25	1	0.25	0.25	1	1	0.5	0.5	1
SRR2978320	1	1	0.25	1	0.25	0.25	1	1	0.5	0.25	1
SRR2978321	1	1	0.25	1	0.25	0.25	1	1	0.5	0.25	1
SRR2978322	1	1	0.25	1	0.25	0.25	1	1	0.5	0.25	1
SRR2978323	1	1	0.25	1	0.25	0.25	1	1	0.5	0.25	1
SRR2978324	1	1	1	1	0.25	0.25	1	1	0.5	0.25	1
SRR2978325	1	1	1	1	0.25	0.25	1	1	0.5	0.25	1
SRR2978326	1	1	1	1	0.25	0.25	1	1	0.5	0.25	1
SRR2978327	1	1	1	1	0.25	0.25	1	1	0.5	0.25	1
SRR2978328	1	1	1	1	0.25	0.25	1	1	0.5	0.25	1
SRR2978329	1	1	1	1	0.25	0.25	1	1	0.5	0.25	1
SRR2978330	1	1	0.25	1	0.25	0.25	1	1	0.5	0.25	1
SRR2978331	1	1	0.25	1	0.25	0.25	1	1	0.5	0.25	1
SRR2978332	1	1	0.25	1	0.25	0.25	1	1	0.25	0.25	1
SRR2978333	1	1	0.25	1	0.25	0.25	1	1	0.5	0.25	1
SRR2978334	1	1	0.25	1	0.25	0.25	1	1	0.25	0.25	1
SRR2978335	1	1	0.25	1	0.25	0.25	1	1	0.5	0.25	1
SRR2978336	1	1	1	1	0.25	0.25	1	1	0.5	0.25	1
SRR2978337	1	1	1	1	0.25	0.25	1	1	0.5	0.25	1
SRR2978338	1	1	1	1	0.25	0.25	1	1	0.25	0.25	1
SRR2978339	1	1	1	1	0.25	0.25	1	1	0.5	0.25	1
SRR2978340	1	1	1	1	0.25	0.25	1	1	0.5	0.25	1
SRR2978341	1	1	1	1	0.25	0.25	1	1	0.5	0.25	1
SRR2978342	1	1	0.25	1	0.25	0.25	1	1	0.5	0.5	1
SRR2978343	1	1	0.25	1	0.25	0.5	1	1	0.5	0.5	1
SRR2978344	1	1	0.25	1	0.25	0.25	1	1	0.5	0.5	1
SRR2978345	1	1	0.25	1	0.25	0.5	1	1	0.5	0.5	1
SRR2978346	1	1	0.25	1	0.25	0.25	1	1	0.5	0.25	1
SRR2978347	1	1	0.25	1	0.25	0.25	1	1	0.5	0.25	1
SRR2978348	1	1	1	1	0.25	0.25	1	1	0.5	0.25	1
SRR2978349	1	1	1	1	0.25	0.25	1	1	0.5	0.25	1
SRR2978350	1	1	1	1	0.25	0.25	1	1	0.5	0.25	1
SRR2978351	1	1	1	1	0.25	0.25	1	1	0.5	0.25	1
SRR2978352	1	1	1	1	0.25	0.25	1	1	0.25	0.25	1
SRR2978353	1	1	1	1	0.25	0.25	1	1	0.25	0.25	1
SRR2978355	1	1	0.5	1	0.25	0.25	1	1	0.5	0.25	1
SRR2978356	1	1	0.5	1	0.25	0.25	1	1	0.25	0.25	1
SRR2978357	1	1	0.5	1	0.25	0.25	1	1	0.5	0.5	1
SRR2978358	1	1	0.5	1	0.25	0.25	1	1	0.5	0.25	1
SRR2978359	1	1	0.5	1	0.25	0.25	1	1	0.5	0.25	1
SRR2978360	1	1	0.5	1	0.25	0.25	1	1	0.5	0.25	1
SRR2978361	1	1	1	1	0.25	0.25	1	1	0.25	0.25	1
SRR2978362	1	1	1	1	0.25	0.25	1	1	0.25	0.25	1
SRR2978363	1	1	1	1	0.25	0.5	1	1	0.5	0.5	1
SRR2978364	1	1	1	1	0.25	0.25	1	1	0.5	0.25	1
SRR2978365	1	1	1	1	0.25	0.25	1	1	0.5	0.25	1
SRR2978366	1	1	1	1	0.25	0.25	1	1	0.5	0.25	1
SRR2978367	1	1	0.5	1	0.25	0.25	1	1	0.5	0.25	1
SRR2978368	1	1	0.5	1	0.25	0.25	1	1	0.5	0.5	1
SRR2978369	1	1	0.5	1	0.25	0.25	1	1	0.5	0.5	1
SRR2978370	1	1	0.5	1	0.25	0.25	1	1	0.5	0.25	1
SRR2978371	1	1	0.5	1	0.25	0.25	1	1	0.5	0.25	1
SRR2978372	1	1	0.5	1	0.25	0.25	1	1	0.5	0.25	1
SRR2978373	1	1	1	1	0.25	0.25	1	1	0.25	0.25	1
SRR2978374	1	1	1	1	0.25	0.25	1	1	0.5	0.5	1
SRR2978375	1	1	1	1	0.25	0.25	1	1	0.5	0.25	1
SRR2978376	1	1	1	1	0.25	0.25	1	1	0.5	0.25	1
SRR2978377	1	1	1	1	0.25	0.25	1	1	0.5	0.25	1
SRR2978378	1	1	1	1	0.25	0.25	1	1	0.25	0.25	1
SRR2978379	1	1	0.5	1	0.25	0.25	1	1	0.5	0.25	1
SRR2978380	1	1	0.5	1	0.25	0.25	1	1	0.5	0.25	1
SRR2978381	1	1	0.5	1	0.25	0.25	1	1	0.25	0.25	1
SRR2978382	1	1	0.5	1	0.25	0.25	1	1	0.5	0.5	1
SRR2978383	1	1	0.5	1	0.25	0.25	1	1	0.5	0.25	1
SRR2978384	1	1	0.5	1	0.25	0.5	1	1	0.5	0.25	1
SRR2978385	1	1	1	1	0.25	0.25	1	1	0.25	0.25	1
SRR2978386	1	1	1	1	0.25	0.25	1	1	0.25	0.25	1
SRR2978387	1	1	1	1	0.25	0.25	1	1	0.5	0.25	1
SRR2978388	1	1	1	1	0.25	0.5	1	1	0.5	0.25	1
SRR2978389	1	1	1	1	0.25	0.25	1	1	0.5	0.25	1
SRR2978390	1	1	1	1	0.25	0.25	1	1	0.5	0.25	1
SRR2978391	1	1	0.5	1	0.25	0.25	1	1	0.5	0.25	1
SRR2978392	1	1	0.5	1	0.25	0.25	1	1	0.5	0.25	1
SRR2978393	1	1	0.5	1	0.25	0.25	1	1	0.5	0.25	1
SRR2978394	1	1	0.5	1	0.25	0.25	1	1	0.5	0.25	1
SRR2978395	1	1	1	1	0.25	0.25	1	1	0.5	0.25	1
SRR2978396	1	1	1	1	0.25	0.5	1	1	0.25	0.5	1
SRR2978397	1	1	1	1	0.25	0.5	1	1	0.5	0.5	1
SRR2978398	1	1	1	1	0.25	1	1	1	0.25	0.5	1
SRR2978399	1	1	1	1	0.25	1	1	1	0.5	0.5	1
SRR2978400	1	1	1	1	0.25	1	1	1	0.5	0.5	1
SRR2978401	1	1	1	1	0.25	1	1	1	0.5	0.5	1
SRR2978402	1	1	0.5	1	0.25	0.25	1	1	0.5	0.25	1
SRR2978403	1	1	0.5	1	0.25	1	1	1	0.5	0.5	1
SRR2978404	1	1	0.5	1	0.25	0.5	1	1	0.5	0.5	1
SRR2978405	1	1	0.5	1	0.25	1	1	1	0.5	0.5	1
SRR2978406	1	1	0.5	1	0.25	1	1	1	0.5	0.5	1
SRR2978407	1	1	1	1	0.25	1	1	1	0.5	0.5	1
SRR2978408	1	1	1	1	0.25	0.5	1	1	0.25	0.5	1
SRR2978409	1	1	1	1	0.25	1	1	1	0.5	0.5	1
SRR2978410	1	1	1	1	0.25	0.5	1	1	0.5	0.5	1
SRR2978411	1	1	1	1	0.25	1	1	1	0.5	0.5	1
SRR2978412	1	1	1	1	0.25	1	1	1	0.25	0.5	1
SRR2978413	1	1	1	1	0.25	0.5	1	1	0.5	0.5	1
SRR2978414	1	1	0.5	1	0.25	1	1	1	0.5	0.5	1
SRR2978415	1	1	0.5	1	0.25	0.5	1	1	0.25	0.5	1
SRR2978416	1	1	0.5	1	0.25	0.5	1	1	0.5	0.5	1
SRR2978417	1	1	1	1	0.25	1	1	1	0.5	0.5	1
SRR2978418	1	1	0.5	1	0.25	0.25	1	1	0.5	0.5	1
SRR2978419	1	1	0.5	1	0.25	1	1	1	0.5	0.5	1
SRR2978420	1	1	1	1	0.25	0.5	1	1	0.5	0.5	1
SRR2978421	1	1	1	1	0.25	1	1	1	0.5	0.5	1
SRR2978422	1	1	1	1	0.25	0.5	1	1	0.5	0.5	1
SRR2978423	1	1	1	1	0.25	0.5	1	1	0.5	0.5	1
SRR2978424	1	1	1	1	0.25	0.5	1	1	0.5	0.5	1
SRR2978425	1	1	1	1	0.25	0.5	1	1	0.25	0.5	1
SRR2978426	1	1	0.5	1	0.25	1	1	1	0.5	0.5	1
SRR2978427	1	1	0.5	1	0.25	1	1	1	0.5	0.5	1
SRR2978428	1	1	0.5	1	0.25	1	1	1	0.25	0.5	1
SRR2978429	1	1	0.5	1	0.25	0.5	1	1	0.5	0.5	1
SRR2978430	1	1	0.5	1	0.25	0.25	1	1	0.5	0.5	1
SRR2978431	1	1	0.5	1	0.25	1	1	1	0.5	0.5	1
SRR2978432	1	1	1	1	0.25	0.5	1	1	0.25	0.5	1
SRR2978433	1	1	1	1	0.25	1	1	1	0.5	0.5	1
SRR2978434	1	1	1	1	0.25	0.5	1	1	0.5	0.5	1
SRR2978435	1	1	1	1	0.25	0.25	1	1	0.5	0.5	1
SRR2978436	1	1	1	1	0.25	0.5	1	1	0.25	0.5	1
SRR2978437	1	1	0.25	1	0.25	0.5	1	1	0.25	0.5	1
SRR2978438	1	1	0.25	1	0.25	0.5	1	1	0.25	0.5	1
SRR2978439	1	1	0.25	1	0.25	1	1	1	0.25	0.5	1
SRR2978440	1	1	0.25	1	0.25	0.5	1	1	0.5	0.5	1
SRR2978441	1	1	0.25	1	0.25	0.5	1	1	0.5	0.5	1
SRR2978442	1	1	1	1	0.25	1	1	1	0.25	0.5	1
SRR2978443	1	1	1	1	0.25	1	1	1	0.25	0.5	1
SRR2978444	1	1	1	1	0.25	0.5	1	1	0.25	0.5	1
SRR2978445	1	1	1	1	0.25	1	1	1	0.25	0.5	1
SRR2978446	1	1	1	1	0.25	0.5	1	1	0.5	0.5	1
SRR2978447	1	1	0.25	1	0.25	0.5	1	1	0.25	0.5	1
SRR2978448	1	1	0.25	1	0.25	1	1	1	0.5	0.5	1
SRR2978449	1	1	0.25	1	0.25	1	1	1	0.5	0.5	1
SRR2978450	1	1	0.25	1	0.25	1	1	1	0.25	0.5	1
SRR2978451	1	1	0.25	1	0.25	1	1	1	0.5	0.5	1
SRR2978452	1	1	0.25	1	0.25	1	1	1	0.25	0.5	1
SRR2978453	1	1	1	1	0.25	0.5	1	1	0.25	0.5	1
SRR2978454	1	1	1	1	0.25	1	1	1	0.5	0.5	1
SRR2978455	1	1	1	1	0.25	0.5	1	1	0.5	0.5	1
SRR2978456	1	1	1	1	0.25	0.5	1	1	0.25	0.5	1
SRR2978457	1	1	1	1	0.25	0.5	1	1	0.5	0.5	1
SRR2978458	1	1	1	1	0.25	0.5	1	1	0.25	0.5	1
SRR2978459	1	1	0.25	1	0.25	0.25	1	1	0.25	0.5	1
SRR2978460	1	1	0.25	1	0.25	0.5	1	1	0.25	0.5	1
SRR2978461	1	1	0.25	1	0.25	0.5	1	1	0.5	0.5	1
SRR2978462	1	1	0.25	1	0.25	1	1	1	0.25	0.5	1
SRR2978463	1	1	0.25	1	0.25	1	1	1	0.25	0.5	1
SRR2978464	1	1	0.25	1	0.25	0.5	1	1	0.25	0.5	1
SRR2978465	1	1	0.25	1	0.25	0.25	1	1	0.5	0.5	1
SRR2978466	1	1	0.25	1	0.25	0.25	1	1	0.5	0.5	1
SRR2978467	1	1	0.25	1	0.25	0.25	1	1	0.5	0.5	1
SRR2978468	1	1	0.25	1	0.25	0.25	1	1	1	0.5	1
SRR2978469	1	1	0.25	1	0.25	0.25	1	1	0.5	0.5	1
SRR2978470	1	1	0.25	1	0.25	0.25	1	1	0.5	0.5	1
SRR2978471	1	1	0.25	1	0.25	0.25	1	1	0.5	0.5	1
SRR2978472	1	1	0.25	1	0.25	0.25	1	1	1	0.5	1
SRR2978473	1	1	0.25	1	0.25	0.25	1	1	1	0.5	1
SRR2978474	1	1	0.25	1	0.25	0.5	1	1	1	0.5	1
SRR2978475	1	1	0.25	1	0.25	0.25	1	1	0.5	1	1
SRR2978476	1	1	0.25	1	0.25	0.25	1	1	0.5	1	1
SRR2978477	1	1	0.25	1	0.25	0.25	1	1	0.5	0.5	1
SRR2978478	1	1	0.25	1	0.25	0.25	1	1	0.5	0.5	1
SRR2978479	1	1	0.25	1	0.25	0.25	1	1	0.5	0.5	1
SRR2978480	1	1	0.25	1	0.25	0.25	1	1	0.5	0.5	1
SRR2978481	1	1	0.25	1	0.25	0.25	1	1	1	0.5	1
SRR2978482	1	1	0.25	1	0.25	0.25	1	1	0.5	0.5	1
SRR2978483	1	1	0.25	1	0.25	0.25	1	1	1	0.25	1
SRR2978484	1	1	0.25	1	0.25	0.25	1	1	1	0.5	1
SRR2978485	1	1	0.25	1	0.25	0.25	1	1	1	0.25	1
SRR2978486	1	1	0.25	1	0.25	0.25	1	1	1	0.5	1
SRR2978487	1	1	0.25	1	0.25	0.25	1	1	0.5	0.5	1
SRR2978488	1	1	0.25	1	0.25	0.25	1	1	0.5	0.5	1
SRR2978489	1	1	0.25	1	0.25	0.25	1	1	1	0.25	1
SRR2978490	1	1	0.25	1	0.25	0.25	1	1	1	0.5	1
SRR2978491	1	1	0.25	1	0.25	0.25	1	1	0.5	0.5	1
SRR2978492	1	1	0.25	1	0.25	0.25	1	1	1	0.5	1
SRR2978493	1	1	0.25	1	0.25	0.25	1	1	0.5	0.5	1
SRR2978494	1	1	0.25	1	0.25	0.25	1	1	0.5	0.5	1
SRR2978495	1	1	0.25	1	0.25	0.25	1	1	1	0.5	1
SRR2978496	1	1	0.25	1	0.25	0.25	1	1	0.5	0.5	1
SRR2978497	1	1	0.25	1	0.25	0.25	1	1	0.5	0.25	1
SRR2978498	1	1	0.25	1	0.25	0.25	1	1	0.5	0.5	1
SRR2978499	1	1	0.25	1	0.25	0.25	1	1	0.5	0.25	1
SRR2978500	1	1	0.25	1	0.25	0.25	1	1	0.5	1	1
SRR2978501	1	1	0.25	1	0.25	0.25	1	1	1	0.5	1
SRR2978502	1	1	0.25	1	0.25	0.25	1	1	0.5	0.5	1
SRR2978503	1	1	0.25	1	0.25	0.5	1	1	0.5	0.5	1
SRR2978504	1	1	1	1	0.25	0.25	1	1	1	0.5	1
SRR2978505	1	1	0.25	1	0.25	0.25	1	1	1	0.5	1
SRR2978506	1	1	0.25	1	0.25	1	1	1	1	0.5	1
SRR2978507	1	1	0.25	1	0.25	0.25	1	1	1	0.5	1
SRR2978508	1	1	0.25	1	0.25	0.5	1	1	1	0.5	1
SRR2978509	1	1	0.25	1	0.25	0.25	1	1	1	0.5	1
SRR2978510	1	1	0.25	1	0.25	0.25	1	1	0.5	0.5	1
SRR2978512	1	1	0.25	1	0.25	0.25	1	1	1	0.5	1
SRR2978513	1	1	0.25	1	0.25	0.25	1	1	0.5	0.25	1
SRR2978514	1	1	0.25	1	0.25	0.25	1	1	0.5	0.25	1
SRR2978515	1	1	0.25	1	0.25	0.25	1	1	1	0.5	1
SRR2978516	1	1	0.25	1	0.25	0.25	1	1	1	0.25	1
SRR2978517	1	1	0.25	1	0.25	0.25	1	1	0.5	0.5	1
SRR2978518	1	1	0.25	1	0.25	1	1	1	1	0.5	1
SRR2978519	1	1	0.25	1	0.25	0.25	1	1	0.5	0.25	1
SRR2978520	1	1	0.25	1	0.25	0.25	1	1	0.5	0.25	1
SRR2978521	1	1	0.25	1	0.25	0.5	1	1	0.5	0.5	1
SRR2978522	1	1	0.25	1	0.25	0.25	1	1	0.5	0.25	1
SRR2978523	1	1	0.25	1	0.25	0.25	1	1	0.5	0.5	1
SRR2978524	1	1	0.25	1	0.25	0.25	1	1	0.5	1	1
SRR2978525	1	1	0.25	1	0.25	0.25	1	1	0.5	0.5	1
SRR2978526	1	1	0.25	1	0.25	0.25	1	1	1	0.5	1
SRR2978527	1	1	0.25	1	0.25	0.25	1	1	0.5	0.5	1
SRR2978528	1	1	0.25	1	0.25	0.25	1	1	0.5	0.5	1
SRR2978529	1	1	0.25	1	0.25	0.25	1	1	0.5	1	1
SRR2978530	1	1	0.25	1	0.25	0.25	1	1	0.5	0.5	1
SRR2978531	1	1	0.25	1	0.25	0.25	1	1	1	0.5	1
SRR2978532	1	1	0.25	1	0.25	0.5	1	1	1	0.5	1
SRR2978533	1	1	0.25	1	0.25	0.25	1	1	0.5	0.5	1
SRR2978534	1	1	0.25	1	0.25	0.25	1	1	0.5	0.5	1
SRR2978535	1	1	0.25	1	0.25	0.25	1	1	0.5	0.5	1
SRR2978536	1	1	0.25	1	0.25	0.25	1	1	0.5	0.5	1
SRR2978537	1	1	0.25	1	0.25	0.25	1	1	0.5	0.5	1
SRR2978538	1	1	0.25	1	0.25	0.25	1	1	1	0.5	1
SRR2978539	1	1	0.25	1	0.25	0.25	1	1	0.5	0.5	1
SRR2978540	1	1	0.25	1	0.25	0.25	1	1	0.5	1	1
SRR2978541	1	1	0.25	1	0.25	0.25	1	1	0.5	0.5	1
SRR2978542	1	1	0.25	1	0.25	0.25	1	1	1	0.5	1
SRR2978543	1	1	0.25	1	0.25	0.25	1	1	1	0.5	1
SRR2978544	1	1	0.25	1	0.25	0.25	1	1	0.5	0.5	1
SRR2978545	1	1	0.25	1	0.25	0.25	1	1	0.5	1	1
SRR2978546	1	1	0.25	1	0.25	0.25	1	1	0.5	0.5	1
SRR2978547	1	1	0.25	1	0.25	0.25	1	1	1	0.25	1
SRR2978548	1	1	0.25	1	0.25	0.25	1	1	0.5	0.5	1
SRR2978549	1	1	0.25	1	0.25	0.25	1	1	0.5	0.5	1
SRR2978550	1	1	0.25	1	0.25	0.25	1	1	0.5	1	1
SRR2978551	1	1	0.25	1	0.25	0.25	1	1	0.5	0.5	1
SRR2978552	1	1	0.25	1	0.25	0.25	1	1	1	0.25	1
SRR2978553	1	1	0.25	1	0.25	0.25	1	1	0.5	0.5	1
SRR2978554	1	1	0.25	1	0.25	0.5	1	1	1	0.5	1
SRR2978555	1	1	0.25	1	0.25	0.5	1	1	1	0.5	1
SRR2978556	1	1	0.25	1	0.25	0.25	1	1	0.5	1	1
SRR2978557	1	1	0.25	1	0.25	0.5	1	1	0.5	1	1
SRR2978558	1	1	0.25	1	0.25	0.25	1	1	0.25	0.5	1
SRR2978559	1	1	0.25	1	0.25	0.25	1	1	0.25	0.25	1
SRR2978560	1	1	0.25	1	0.25	0.25	1	1	0.5	0.5	1
SRR2978561	1	1	0.25	1	0.25	0.25	1	1	0.25	0.25	1
SRR2978562	1	1	0.25	1	0.25	0.25	1	1	0.5	0.25	1
SRR2978563	1	1	0.25	1	0.25	0.25	1	1	0.25	0.25	1
SRR2978564	1	1	0.25	1	0.25	0.25	1	1	0.5	0.25	1
SRR2978565	1	1	0.25	1	0.25	0.25	1	1	0.25	0.25	1
SRR2978566	1	1	0.25	1	0.25	0.25	1	1	0.25	0.25	1
SRR2978567	1	1	0.25	1	0.25	0.25	1	1	0.5	0.25	1
SRR2978568	1	1	0.25	1	0.25	0.25	1	1	0.25	0.25	1
SRR2978569	1	1	0.25	1	0.25	0.25	1	1	0.25	0.5	1
SRR2978570	1	1	0.25	1	0.25	0.25	1	1	0.25	0.25	1
SRR2978571	1	1	0.25	1	0.25	0.25	1	1	0.25	0.25	1
SRR2978572	1	1	0.25	1	0.25	0.25	1	1	0.25	0.25	1
SRR2978573	1	1	0.25	1	0.25	0.25	1	1	0.25	0.25	1
SRR2978574	1	1	0.25	1	0.25	0.25	1	1	0.25	0.25	1
SRR2978575	1	1	0.25	1	0.25	0.25	1	1	0.25	0.25	1
SRR2978576	1	1	0.25	1	0.25	0.25	1	1	0.25	0.5	1
SRR2978577	1	1	0.25	1	0.25	0.25	1	1	0.25	0.25	1
SRR2978578	1	1	0.25	1	0.25	0.25	1	1	0.25	0.25	1
SRR2978579	1	1	0.25	1	0.25	0.25	1	1	0.25	0.25	1
SRR2978580	1	1	0.25	1	0.25	0.25	1	1	0.25	0.25	1
SRR2978581	1	1	0.25	1	0.25	0.25	1	1	0.25	0.25	1
SRR2978582	1	1	0.25	1	0.25	0.25	1	1	0.25	0.25	1
SRR2978583	1	1	0.25	1	0.25	0.25	1	1	0.25	0.25	1
SRR2978584	1	1	0.25	1	0.25	0.25	1	1	0.25	0.25	1
SRR2978585	1	1	0.25	1	0.25	0.25	1	1	0.25	0.25	1
SRR2978586	1	1	0.25	1	0.25	0.25	1	1	0.25	0.25	1
SRR2978587	1	1	0.25	1	0.25	0.25	1	1	0.5	0.25	1
SRR2978588	1	1	0.25	1	0.25	0.25	1	1	0.25	0.25	1
SRR2978589	1	1	0.25	1	0.25	0.25	1	1	0.25	0.25	1
SRR2978590	1	1	0.25	1	0.25	0.25	1	1	0.25	0.25	1
SRR2978591	1	1	0.25	1	0.25	0.25	1	1	0.5	0.25	1
SRR2978592	1	1	0.25	1	0.25	0.25	1	1	0.25	0.25	1
SRR2978593	1	1	0.25	1	0.25	0.25	1	1	0.25	0.25	1
SRR2978594	1	1	0.25	1	0.25	0.25	1	1	0.5	0.25	1
SRR2978595	1	1	0.25	1	0.25	0.25	1	1	0.25	0.25	1
SRR2978596	1	1	0.25	1	0.25	0.25	1	1	0.25	0.25	1
SRR2978597	1	1	0.25	1	0.25	0.25	1	1	0.25	0.25	1
SRR2978598	1	1	0.25	1	0.25	0.25	1	1	0.5	0.25	1
SRR2978599	1	1	0.25	1	0.25	0.25	1	1	0.5	0.5	1
SRR2978600	1	1	0.25	1	0.25	0.5	1	1	0.5	0.5	1
SRR2978601	1	1	0.25	1	0.25	0.5	1	1	0.5	0.25	1
SRR2978602	1	1	0.25	1	0.25	0.5	1	1	0.5	0.5	1
SRR2978603	1	1	0.25	1	0.25	0.25	1	1	0.5	0.5	1
SRR2978604	1	1	0.25	1	0.25	0.5	1	1	0.5	0.5	1
SRR2978605	1	1	0.25	1	0.25	0.5	1	1	0.5	0.5	1
SRR2978606	1	1	0.25	1	0.25	0.25	1	1	0.5	0.5	1
SRR2978607	1	1	0.25	1	0.25	0.5	1	1	0.5	0.25	1
SRR2978608	1	1	0.25	1	0.25	0.25	1	1	0.5	0.5	1
SRR2978609	1	1	0.25	1	0.25	0.25	1	1	0.5	0.5	1
SRR2978610	1	1	0.25	1	0.25	0.25	1	1	0.25	0.5	1
SRR2978611	1	1	0.25	1	0.25	0.25	1	1	0.5	0.5	1
SRR2978612	1	1	0.25	1	0.25	0.25	1	1	0.5	0.25	1
SRR2978613	1	1	0.25	1	0.25	0.25	1	1	0.5	0.5	1
SRR2978614	1	1	0.25	1	0.25	0.25	1	1	0.5	0.5	1
SRR2978615	1	1	0.25	1	0.25	0.25	1	1	0.5	0.5	1
SRR2978616	1	1	0.25	1	0.25	0.25	1	1	0.5	0.5	1
SRR2978617	1	1	0.25	1	0.25	0.25	1	1	0.5	0.25	1
SRR2978618	1	1	0.25	1	0.25	0.25	1	1	0.5	0.5	1
SRR2978619	1	1	0.25	1	0.25	0.25	1	1	0.5	0.5	1
SRR2978620	1	1	0.25	1	0.25	0.25	1	1	0.5	0.25	1
SRR2978621	1	1	0.25	1	0.25	0.25	1	1	0.5	0.5	1
SRR2978622	1	1	0.25	1	0.25	0.25	1	1	0.25	0.5	1
SRR2978623	1	1	0.25	1	0.25	0.25	1	1	0.5	0.5	1
SRR2978624	1	1	0.25	1	0.25	0.25	1	1	0.5	0.5	1
SRR2978625	1	1	0.25	1	0.25	0.25	1	1	1	0.25	1
SRR2978626	1	1	0.25	1	0.25	0.25	1	1	0.25	0.25	1
SRR2978627	1	1	0.25	1	0.25	0.25	1	1	0.25	0.5	1
SRR2978628	1	1	0.25	1	0.25	0.25	1	1	0.5	0.5	1
SRR2978629	1	1	0.25	1	0.25	0.25	1	1	0.5	0.25	1
SRR2978630	1	1	0.25	1	0.25	0.25	1	1	0.5	1	1
SRR2978631	1	1	0.25	1	0.25	0.25	1	1	0.5	0.5	1
SRR2978632	1	1	0.25	1	0.25	0.25	1	1	0.5	0.5	1
SRR2978633	1	1	0.25	1	0.25	0.5	1	1	0.25	0.5	1
SRR2978634	1	1	0.25	1	0.25	0.25	1	1	1	0.5	1
SRR2978635	1	1	0.25	1	0.25	0.5	1	1	0.5	0.5	1
SRR2978636	1	1	0.25	1	0.25	0.5	1	1	0.5	0.5	1
SRR2978637	1	1	0.25	1	0.25	0.5	1	1	0.25	0.5	1
SRR2978638	1	1	0.25	1	0.25	0.25	1	1	0.25	0.5	1
SRR2978639	1	1	0.25	1	0.25	0.5	1	1	0.5	0.25	1
SRR2978640	1	1	0.25	1	0.25	0.5	1	1	0.25	0.5	1
SRR2978641	1	1	0.25	1	0.25	0.25	1	1	0.5	0.5	1
SRR2978642	1	1	0.25	1	0.25	0.5	1	1	0.5	0.5	1
SRR2978643	1	1	0.25	1	0.25	0.25	1	1	0.5	0.25	1
SRR2978644	1	1	0.25	1	0.25	0.5	1	1	0.25	0.5	1
SRR2978645	1	1	0.25	1	0.25	0.5	1	1	0.5	0.5	1
SRR2978646	1	1	0.25	1	0.25	0.25	1	1	0.5	0.5	1
SRR2978647	1	1	0.25	1	0.25	0.5	1	1	0.5	0.5	1
SRR2978648	1	1	0.25	1	0.25	0.25	1	1	0.5	0.5	1
SRR2978649	1	1	0.25	1	0.25	0.25	1	1	0.5	0.5	1
SRR2978650	1	1	0.25	1	0.25	0.25	1	1	0.5	0.5	1
SRR2978651	1	1	0.25	1	0.25	0.25	1	1	0.5	0.25	1
SRR2978652	1	1	0.25	1	0.25	0.25	1	1	0.5	0.25	1
SRR2978653	1	1	0.25	1	0.25	0.25	1	1	0.5	0.25	1
SRR2978654	1	1	0.25	1	0.25	0.25	1	1	0.5	0.5	1
SRR2978655	1	1	0.25	1	0.25	0.25	1	1	0.5	0.25	1
SRR2978656	1	1	0.25	1	0.25	0.5	1	1	0.5	0.5	1
SRR2978657	1	1	0.25	1	0.25	0.25	1	1	0.25	0.5	1
SRR2978658	1	1	0.25	1	0.25	0.5	1	1	0.25	0.5	1
SRR2978659	1	1	0.25	1	0.25	0.25	1	1	0.5	0.5	1
SRR2978660	1	1	0.25	1	0.25	0.25	1	1	0.25	0.25	1
SRR2978661	1	1	0.25	1	0.25	0.25	1	1	0.5	0.25	1
SRR2978662	1	1	0.25	1	0.25	0.25	1	1	0.5	0.25	1
SRR2978663	1	1	0.25	1	0.25	0.25	1	1	0.5	0.25	1
SRR2978664	1	1	0.25	1	0.25	0.25	1	1	0.5	0.25	1
SRR2978665	1	1	0.25	1	0.25	0.25	1	1	0.25	0.25	1
SRR2978666	1	1	0.25	1	0.25	0.25	1	1	0.5	0.25	1
SRR2978667	1	1	0.25	1	0.25	0.25	1	1	0.25	0.25	1
SRR2978668	1	1	0.25	1	0.25	0.25	1	1	0.5	0.25	1
SRR2978669	1	1	0.25	1	0.25	0.25	1	1	0.5	0.25	1
SRR2978670	1	1	0.25	1	0.25	0.25	1	1	0.5	0.25	1
SRR2978671	1	1	0.25	1	0.25	0.25	1	1	0.5	0.25	1
SRR2978672	1	1	0.25	1	0.25	0.25	1	1	0.5	0.25	1
SRR2978673	1	1	0.25	1	0.25	0.25	1	1	0.5	0.25	1
SRR2978675	1	1	0.25	1	0.25	0.25	1	1	0.5	0.25	1
SRR2978676	1	1	0.25	1	0.25	0.25	1	1	0.25	0.25	1
SRR2978677	1	1	0.25	1	0.25	0.25	1	1	0.5	0.25	1
SRR2978678	1	1	0.25	1	0.25	0.25	1	1	0.5	0.25	1
SRR2978679	1	1	1	1	0.25	0.25	1	1	0.5	0.25	1
SRR2978680	1	1	0.25	1	0.25	0.25	1	1	0.5	0.25	1
SRR2978681	1	1	0.25	1	0.25	0.25	1	1	0.5	0.25	1
SRR2978682	1	1	0.25	1	0.25	0.25	1	1	0.5	0.25	1
SRR2978683	1	1	0.25	1	0.25	0.25	1	1	0.5	0.25	1
SRR2978684	1	1	0.25	1	0.25	0.25	1	1	0.5	0.25	1
SRR2978685	1	1	0.25	1	0.25	0.25	1	1	0.5	0.25	1
SRR2978686	1	1	0.25	1	0.25	0.25	1	1	0.5	0.25	1
SRR2978687	1	1	0.25	1	0.25	0.25	1	1	0.5	0.25	1
SRR2978688	1	1	0.25	1	0.25	0.5	1	1	0.5	0.25	1
SRR2978689	1	1	0.25	1	0.25	0.25	1	1	0.25	0.25	1
SRR2978690	1	1	0.25	1	0.25	0.25	1	1	0.5	0.25	1
SRR2978691	1	1	0.25	1	0.25	0.25	1	1	0.5	0.5	1
SRR2978692	1	1	0.25	1	0.25	0.25	1	1	0.5	0.25	1
SRR2978693	1	1	0.25	1	0.25	0.25	1	1	0.5	0.25	1
SRR2978694	1	1	0.25	1	0.25	0.25	1	1	0.5	0.25	1
SRR2978695	1	1	0.25	1	0.25	0.25	1	1	0.5	0.5	1
SRR2978696	1	1	0.25	1	0.25	0.25	1	1	0.5	0.5	1
SRR2978697	1	1	0.25	1	0.25	0.5	1	1	0.5	0.25	1
SRR2978698	1	1	0.25	1	0.25	0.25	1	1	0.5	0.25	1
SRR2978699	1	1	0.25	1	0.25	0.25	1	1	0.5	0.25	1
SRR2978700	1	1	0.25	1	0.25	0.25	1	1	0.5	0.25	1
SRR2978701	1	1	0.25	1	0.25	0.25	1	1	0.5	0.25	1
SRR2978702	1	1	0.25	1	0.25	0.25	1	1	0.5	0.25	1
SRR2978703	1	1	0.25	1	0.25	0.25	1	1	0.25	0.25	1
SRR2978704	1	1	0.25	1	0.25	0.25	1	1	0.5	0.25	1
SRR2978705	1	1	0.25	1	0.25	0.25	1	1	0.5	0.25	1
SRR2978706	1	1	0.5	1	0.25	0.25	1	1	1	0.25	1
SRR2978707	1	1	0.25	1	0.25	0.25	1	1	0.5	0.5	1
SRR2978708	1	1	0.25	1	0.25	0.25	1	1	0.25	0.25	1
SRR2978709	1	1	0.25	1	0.25	0.25	1	1	0.5	0.25	1
SRR2978710	1	1	0.25	1	0.25	0.25	1	1	0.5	0.25	1
SRR2978711	1	1	0.25	1	0.25	0.25	1	1	0.5	0.5	1
SRR2978712	1	1	0.25	1	0.25	0.25	1	1	0.5	0.25	1
SRR2978713	1	1	0.25	1	0.25	0.25	1	1	0.5	0.5	1
SRR2978714	1	1	0.25	1	0.25	0.25	1	1	0.25	0.25	1
SRR2978715	1	1	0.5	1	0.25	0.25	1	1	0.5	0.25	1
SRR2978716	1	1	0.25	1	0.25	0.25	1	1	0.5	0.25	1
SRR2978717	1	1	0.25	1	0.25	0.25	1	1	0.5	0.5	1
SRR2978718	1	1	0.25	1	0.25	0.25	1	1	0.25	0.25	1
SRR2978719	1	1	0.25	1	0.25	0.25	1	1	0.5	0.5	1
SRR2978720	1	1	0.5	1	0.25	0.25	1	1	1	0.25	1
SRR2978721	1	1	0.25	1	0.25	0.25	1	1	0.5	0.5	1
SRR2978722	1	1	0.25	1	0.25	0.25	1	1	0.5	0.25	1
SRR2978723	1	1	0.25	1	0.25	0.25	1	1	0.5	0.5	1
SRR2978724	1	1	0.25	1	0.25	0.5	1	1	1	0.5	1
SRR2978725	1	1	0.25	1	0.25	0.5	1	1	0.5	0.5	1
SRR2978726	1	1	0.25	1	0.25	0.25	1	1	0.25	0.5	1
SRR2978727	1	1	0.25	1	0.25	0.25	1	1	0.5	0.5	1
SRR2978728	1	1	0.25	1	0.25	0.25	1	1	0.5	0.5	1
SRR2978729	1	1	0.25	1	0.25	0.25	1	1	1	0.5	1
SRR2978730	1	1	0.25	1	0.25	0.5	1	1	1	0.5	1
SRR2978731	1	1	0.25	1	0.25	0.25	1	1	0.5	0.5	1
SRR2978732	1	1	0.25	1	0.25	0.25	1	1	0.5	0.5	1
SRR2978733	1	1	0.25	1	0.25	0.25	1	1	0.5	0.5	1
SRR2978734	1	1	0.25	1	0.25	0.25	1	1	0.5	0.5	1
SRR2978735	1	1	0.25	1	0.25	0.25	1	1	1	0.5	1
SRR2978736	1	1	0.25	1	0.25	0.25	1	1	0.5	0.5	1
SRR2978737	1	1	0.25	1	0.25	0.25	1	1	0.5	0.5	1
SRR2978738	1	1	0.25	1	0.25	0.25	1	1	0.5	1	1
SRR2978739	1	1	0.25	1	0.25	0.25	1	1	0.5	1	1
SRR2978740	1	1	0.25	1	0.25	0.25	1	1	0.5	1	1
SRR2978741	1	1	0.25	1	0.25	0.25	1	1	0.5	0.5	1
SRR2978742	1	1	0.25	1	0.25	0.25	1	1	1	0.5	1
SRR2978743	1	1	0.25	1	0.25	0.25	1	1	1	0.5	1
SRR2978744	1	1	0.25	1	0.25	0.25	1	1	1	0.5	1
SRR2978745	1	1	0.25	1	0.25	0.25	1	1	0.5	0.5	1
SRR2978746	1	1	0.25	1	0.25	0.25	1	1	1	0.5	1
SRR2978747	1	1	0.25	1	0.25	0.25	1	1	1	0.5	1
SRR2978748	1	1	0.25	1	0.25	0.5	1	1	0.5	1	1
SRR2978749	1	1	0.25	1	0.25	0.25	1	1	0.5	1	1
SRR2978750	1	1	0.25	1	0.25	0.25	1	1	0.5	1	1
SRR2978751	1	1	0.25	1	0.25	0.25	1	1	1	0.5	1
SRR2978752	1	1	0.25	1	0.25	0.25	1	1	0.5	0.5	1
SRR2978753	1	1	0.25	1	0.25	0.25	1	1	0.5	0.5	1
SRR2978754	1	1	0.25	1	0.25	0.25	1	1	1	0.5	1
SRR2978755	1	1	0.25	1	0.25	0.25	1	1	0.5	0.5	1
SRR2978756	1	1	0.25	1	0.25	0.25	1	1	0.5	0.5	1
SRR2978757	1	1	0.25	1	0.25	0.25	1	1	0.5	0.5	1
SRR2978758	1	1	0.25	1	0.25	0.5	1	1	1	0.5	1
SRR2978759	1	1	0.25	1	0.25	0.25	1	1	1	0.5	1
SRR2978760	1	1	0.25	1	0.25	0.25	1	1	0.5	0.5	1
SRR2978761	1	1	0.25	1	0.25	0.25	1	1	0.5	0.5	1
SRR2978762	1	1	0.25	1	0.25	0.25	1	1	0.5	0.5	1
SRR2978763	1	1	0.25	1	0.25	0.5	1	1	1	0.5	1
SRR2978764	1	1	0.25	1	0.25	0.25	1	1	1	0.5	1
SRR2978765	1	1	0.25	1	0.25	0.25	1	1	0.5	0.5	1
SRR2978766	1	1	0.25	1	0.25	0.25	1	1	1	0.5	1
SRR2978767	1	1	0.25	1	0.25	0.5	1	1	1	0.5	1
SRR2978768	1	1	0.25	1	0.25	0.25	1	1	0.5	0.5	1
SRR2978769	1	1	0.25	1	0.25	0.5	1	1	1	0.5	1
SRR2978770	1	1	0.25	1	0.25	0.25	1	1	0.5	0.5	1
SRR2978771	1	1	0.25	1	0.25	0.25	1	1	0.5	0.5	1
SRR2978772	1	1	0.25	1	0.25	0.25	1	1	0.5	0.5	1
SRR2978773	1	1	0.25	1	0.25	0.25	1	1	1	0.5	1
SRR2978774	1	1	0.25	1	0.25	0.25	1	1	0.5	0.5	1
SRR2978775	1	1	1	1	0.25	0.25	1	1	1	0.25	1
SRR2978776	1	1	0.25	1	0.25	0.25	1	1	1	0.5	1
SRR2978777	1	1	0.25	1	0.25	0.5	1	1	1	0.5	1
SRR2978778	1	1	0.25	1	0.25	0.25	1	1	0.5	0.5	1
SRR2978779	1	1	0.25	1	0.25	0.5	1	1	1	0.5	1
SRR2978780	1	1	0.25	1	0.25	0.5	1	1	1	0.5	1
SRR2978781	1	1	0.25	1	0.25	0.25	1	1	0.5	0.25	1
SRR2978782	1	1	0.25	1	0.25	0.5	1	1	1	0.5	1
SRR2978783	1	1	0.25	1	0.25	0.25	1	1	0.5	0.5	1
SRR2978784	1	1	0.25	1	0.25	0.25	1	1	0.5	0.25	1
SRR2978785	1	1	0.25	1	0.25	0.25	1	1	0.5	0.5	1
SRR2978786	1	1	0.25	1	0.25	0.25	1	1	0.5	0.5	1
SRR2978787	1	1	0.25	1	0.25	0.25	1	1	1	0.25	1
SRR2978788	1	1	0.25	1	0.25	0.25	1	1	0.5	0.5	1
SRR2978789	1	1	0.25	1	0.25	0.25	1	1	0.5	0.25	1
SRR2978790	1	1	0.25	1	0.25	0.25	1	1	0.5	0.25	1
SRR2978791	1	1	0.25	1	0.25	0.25	1	1	1	0.5	1
SRR2978792	1	1	0.25	1	0.25	0.25	1	1	1	0.25	1
SRR2978793	1	1	0.25	1	0.25	0.25	1	1	0.5	0.5	1
SRR2978794	1	1	0.25	1	0.25	0.25	1	1	0.5	0.5	1
SRR2978795	1	1	0.25	1	0.25	0.25	1	1	0.5	0.5	1
SRR2978796	1	1	0.25	1	0.25	0.25	1	1	0.5	0.5	1
SRR2978797	1	1	0.25	1	0.25	0.25	1	1	0.5	1	1
SRR2978798	1	1	0.25	1	0.25	0.25	1	1	1	0.25	1
SRR2978799	1	1	0.25	1	0.25	0.25	1	1	0.5	0.5	1
SRR2978800	1	1	0.25	1	0.25	0.25	1	1	0.5	0.5	1
SRR2978801	1	1	0.25	1	0.25	0.25	1	1	0.5	0.25	1
SRR2978802	1	1	0.25	1	0.25	0.25	1	1	1	0.5	1
SRR2978803	1	1	0.25	1	0.25	0.25	1	1	0.5	0.25	1
SRR2978804	1	1	0.25	1	0.25	0.5	1	1	1	0.5	1
SRR2978805	1	1	0.25	1	0.25	0.25	1	1	0.5	0.5	1
SRR2978806	1	1	0.25	1	0.25	0.25	1	1	0.5	0.5	1
SRR2978807	1	1	0.25	1	0.25	0.5	1	1	0.5	0.25	1
SRR2978808	1	1	0.25	1	0.25	0.5	1	1	1	0.5	1
SRR2978809	1	1	0.25	1	0.25	0.5	1	1	0.5	0.5	1
SRR2978810	1	1	0.25	1	0.25	0.5	1	1	0.5	0.5	1
SRR2978811	1	1	0.25	1	0.25	0.5	1	1	0.5	0.5	1
SRR2978812	1	1	0.25	1	0.25	0.5	1	1	1	0.25	1
SRR2978813	1	1	0.25	1	0.25	0.5	1	1	0.5	0.25	1
SRR2978814	1	1	0.25	1	0.25	0.25	1	1	1	0.5	1
SRR2978815	1	1	0.25	1	0.25	0.5	1	1	1	0.5	1
SRR2978816	1	1	0.25	1	0.25	0.5	1	1	1	0.5	1
SRR2978817	1	1	0.25	1	0.25	0.25	1	1	0.5	0.5	1
SRR2978818	1	1	0.25	1	0.25	0.5	1	1	0.5	0.5	1
SRR2978819	1	1	0.25	1	0.25	0.5	1	1	1	0.5	1
SRR2978820	1	1	0.25	1	0.25	0.25	1	1	1	0.5	1
SRR2978821	1	1	0.25	1	0.25	0.25	1	1	0.5	0.5	1
SRR2978822	1	1	0.25	1	0.25	0.25	1	1	1	0.5	1
SRR2978823	1	1	0.25	1	0.25	0.25	1	1	0.5	0.25	1
SRR2978824	1	1	0.25	1	0.25	0.25	1	1	0.5	0.5	1
SRR2978825	1	1	0.25	1	0.25	0.25	1	1	0.5	0.5	1
SRR2978826	1	1	0.25	1	0.25	0.25	1	1	1	0.5	1
SRR2978827	1	1	0.25	1	0.25	0.25	1	1	0.5	0.5	1
SRR2978828	1	1	0.25	1	0.25	0.5	1	1	1	0.5	1
SRR2978829	1	1	0.25	1	0.25	0.25	1	1	0.5	0.25	1
SRR2978830	1	1	0.25	1	0.25	0.25	1	1	0.5	0.5	1
SRR2978831	1	1	0.25	1	0.25	0.5	1	1	0.5	0.5	1
SRR2978832	1	1	0.25	1	0.25	0.25	1	1	0.5	1	1
SRR2978833	1	1	0.25	1	0.25	0.5	1	1	0.5	0.5	1
SRR2978834	1	1	0.25	1	0.25	0.25	1	1	0.5	0.5	1
SRR2978835	1	1	0.25	1	0.25	0.25	1	1	1	0.5	1
SRR2978836	1	1	0.25	1	0.25	0.25	1	1	0.5	0.5	1
SRR2978837	1	1	0.25	1	0.25	0.25	1	1	0.5	0.5	1
SRR2978838	1	1	0.25	1	0.25	0.25	1	1	0.5	0.5	1
SRR2978839	1	1	0.25	1	0.25	0.25	1	1	0.5	0.25	1
SRR2978840	1	1	0.25	1	0.25	0.25	1	1	1	0.5	1
SRR2978841	1	1	0.25	1	0.25	0.25	1	1	0.5	0.5	1
SRR2978842	1	1	0.25	1	0.25	0.25	1	1	0.5	0.5	1
SRR2978843	1	1	0.25	1	0.25	0.25	1	1	0.5	0.5	1
SRR2978844	1	1	0.25	1	0.25	0.25	1	1	0.5	0.25	1
SRR2978845	1	1	0.25	1	0.25	0.25	1	1	0.5	0.25	1
SRR2978846	1	1	0.25	1	0.25	0.25	1	1	0.5	0.5	1
SRR2978847	1	1	0.25	1	0.25	0.25	1	1	0.5	0.5	1
SRR2978848	1	1	0.25	1	0.25	0.25	1	1	0.5	0.5	1
SRR2978849	1	1	0.25	1	0.25	0.25	1	1	0.5	0.5	1
SRR2978850	1	1	0.25	1	0.25	0.25	1	1	0.5	0.5	1
SRR2978851	1	1	0.25	1	0.25	0.25	1	1	0.5	0.5	1
SRR2978852	1	1	0.25	1	0.25	0.25	1	1	1	0.5	1
SRR2978853	1	1	0.25	1	0.25	0.5	1	1	1	0.5	1
SRR2978854	1	1	0.25	1	0.25	0.25	1	1	0.5	0.5	1
SRR2978855	1	1	0.25	1	0.25	0.25	1	1	0.5	0.5	1
SRR2978856	1	1	1	1	0.25	0.25	1	1	0.5	0.5	1
SRR2978857	1	1	0.25	1	0.25	0.25	1	1	0.5	0.5	1
SRR2978858	1	1	0.25	1	0.25	0.25	1	1	0.5	0.5	1
SRR2978860	1	1	0.25	1	0.25	0.25	1	1	0.5	0.5	1
SRR2978861	1	1	0.25	1	0.25	0.25	1	1	1	0.5	1
SRR2978862	1	1	0.25	1	0.25	0.25	1	1	0.5	0.5	1
SRR2978863	1	1	0.25	1	0.25	0.25	1	1	1	0.5	1
SRR2978864	1	1	0.25	1	0.25	0.25	1	1	1	0.5	1
SRR2978865	1	1	0.25	1	0.25	0.25	1	1	0.5	0.5	1
SRR2978866	1	1	0.25	1	0.25	0.25	1	1	1	0.5	1
SRR2978867	1	1	0.25	1	0.25	0.25	1	1	0.5	0.5	1
SRR2978868	1	1	0.25	1	0.25	0.25	1	1	0.5	0.5	1
SRR2978869	1	1	0.25	1	0.25	0.25	1	1	0.5	0.5	1
SRR2978870	1	1	0.25	1	0.25	0.25	1	1	0.5	0.5	1
SRR2978871	1	1	0.25	1	0.25	0.25	1	1	1	0.5	1
SRR2978872	1	1	0.25	1	0.25	0.25	1	1	1	0.5	1
SRR2978873	1	1	0.25	1	0.25	0.25	1	1	1	0.5	1
SRR2978874	1	1	0.25	1	0.25	0.25	1	1	0.5	0.25	1
SRR2978875	1	1	0.25	1	0.25	0.25	1	1	0.5	0.25	1
SRR2978876	1	1	0.25	1	0.25	0.25	1	1	1	0.5	1
SRR2978877	1	1	0.25	1	0.25	0.5	1	1	1	0.5	1
SRR2978878	1	1	0.25	1	0.25	0.25	1	1	0.5	0.5	1
SRR2978879	1	1	0.25	1	0.25	0.25	1	1	1	0.5	1
SRR2978880	1	1	0.25	1	0.25	0.25	1	1	0.5	0.5	1
SRR2978881	1	1	0.25	1	0.25	0.25	1	1	0.5	0.25	1
SRR2978882	1	1	0.25	1	0.25	0.25	1	1	0.5	0.5	1
SRR2978883	1	1	0.25	1	0.25	0.25	1	1	0.5	0.5	1
SRR2978884	1	1	0.25	1	0.25	0.5	1	1	0.5	0.5	1
SRR2978885	1	1	0.25	1	0.25	0.25	1	1	0.5	0.5	1
SRR2978886	1	1	0.25	1	0.25	0.25	1	1	0.5	0.5	1
SRR2978887	1	1	0.25	1	0.25	0.25	1	1	1	0.5	1
SRR2978888	1	1	0.25	1	0.25	0.25	1	1	0.5	0.5	1
SRR2978889	1	1	0.25	1	0.25	0.25	1	1	0.5	0.5	1
SRR2978890	1	1	0.25	1	0.25	0.25	1	1	0.5	0.25	1
SRR2978891	1	1	0.25	1	0.25	0.25	1	1	0.5	0.5	1
SRR2978892	1	1	0.25	1	0.25	0.5	1	1	1	0.5	1
SRR2978893	1	1	0.25	1	0.25	0.25	1	1	0.5	0.5	1
SRR2978894	1	1	0.25	1	0.25	0.25	1	1	0.5	0.5	1
SRR2978895	1	1	0.25	1	0.25	0.5	1	1	0.5	0.5	1
SRR2978896	1	1	0.25	1	0.25	0.25	1	1	0.5	0.5	1
SRR2978897	1	1	0.25	1	0.25	0.25	1	1	0.5	0.5	1
SRR2978898	1	1	0.25	1	0.25	0.25	1	1	1	0.5	1
SRR2978899	1	1	0.25	1	0.25	0.25	1	1	0.5	0.5	1
SRR2978900	1	1	1	1	0.25	0.5	1	1	0.5	0.5	1
SRR2978901	1	1	1	1	0.25	0.25	1	1	0.5	0.5	1
SRR2978902	1	1	1	1	0.25	0.25	1	1	1	0.5	1
SRR2978903	1	1	1	1	0.25	0.25	1	1	0.5	0.5	1
SRR2978904	1	1	1	1	0.25	0.25	1	1	0.5	0.5	1
SRR2978905	1	1	1	1	0.25	0.25	1	1	1	0.5	1
SRR2978906	1	1	1	1	0.25	0.25	1	1	0.5	0.5	1
SRR2978907	1	1	1	1	0.25	0.25	1	1	0.5	0.5	1
SRR2978908	1	1	1	1	0.25	0.25	1	1	1	0.5	1
SRR2978909	1	1	1	1	0.25	0.5	1	1	1	0.5	1
SRR2978910	1	1	1	1	0.25	0.25	1	1	1	1	1
SRR2978911	1	1	1	1	0.25	0.5	1	1	0.5	0.5	1
SRR2978912	1	1	1	1	0.25	0.25	1	1	0.5	1	1
SRR2978913	1	1	1	1	0.25	0.25	1	1	0.5	0.5	1
SRR2978914	1	1	1	1	0.25	0.25	1	1	0.5	0.5	1
SRR2978915	1	1	1	1	0.25	0.25	1	1	0.5	0.5	1
SRR2978916	1	1	1	1	0.25	0.25	1	1	1	0.5	1
SRR2978917	1	1	1	1	0.25	0.25	1	1	0.5	0.5	1
SRR2978918	1	1	1	1	0.25	0.25	1	1	0.5	1	1
SRR2978919	1	1	1	1	0.25	0.25	1	1	1	1	1
SRR2978920	1	1	1	1	0.25	0.25	1	1	0.5	0.5	1
SRR2978921	1	1	1	1	0.25	0.25	1	1	1	1	1
SRR2978922	1	1	1	1	0.25	0.25	1	1	1	1	1
SRR2978923	1	1	1	1	0.25	0.25	1	1	0.5	0.5	1
SRR2978924	1	1	1	1	0.25	0.25	1	1	0.5	1	1
SRR2978925	1	1	1	1	0.25	0.25	1	1	0.5	0.5	1
SRR2978926	1	1	1	1	0.25	0.25	1	1	0.5	0.5	1
SRR2978927	1	1	1	1	0.25	0.25	1	1	0.5	0.5	1
SRR2978928	1	1	1	1	0.25	0.25	1	1	0.5	0.5	1
SRR2978929	1	1	1	1	0.25	0.25	1	1	0.5	0.5	1
SRR2978930	1	1	1	1	0.25	0.25	1	1	0.5	0.5	1
SRR2978931	1	1	1	1	0.25	0.25	1	1	1	0.5	1
SRR2978932	1	1	1	1	0.25	0.25	1	1	1	0.5	1
SRR2978933	1	1	1	1	0.25	0.5	1	1	1	0.5	1
SRR2978934	1	1	1	1	0.25	0.25	1	1	0.5	0.5	1
SRR2978935	1	1	1	1	0.25	0.25	1	1	0.5	1	1
SRR2978936	1	1	1	1	0.25	0.25	1	1	0.5	1	1
SRR2978937	1	1	1	1	0.25	0.25	1	1	0.5	0.5	1
SRR2978938	1	1	1	1	0.25	0.25	1	1	0.5	1	1
SRR2978939	1	1	1	1	0.25	0.5	1	1	1	0.5	1
SRR2978940	1	1	1	1	0.25	0.25	1	1	1	0.5	1
SRR2978941	1	1	1	1	0.25	0.25	1	1	1	0.5	1
SRR2978942	1	1	1	1	0.25	0.25	1	1	0.5	0.5	1
SRR2978943	1	1	1	1	0.25	0.5	1	1	1	0.5	1
SRR2978944	1	1	1	1	0.25	0.25	1	1	1	0.5	1
SRR2978945	1	1	1	1	0.25	0.5	1	1	1	0.5	1
SRR2978946	1	1	1	1	0.25	0.25	1	1	1	0.5	1
SRR2978947	1	1	1	1	0.25	0.25	1	1	1	1	1
SRR2978948	1	1	1	1	0.25	0.25	1	1	0.5	1	1
SRR2978949	1	1	1	1	0.25	0.25	1	1	1	1	1
SRR2978950	1	1	1	1	0.25	0.25	1	1	1	0.5	1
SRR2978951	1	1	1	1	0.25	0.5	1	1	1	0.5	1
SRR2978952	1	1	1	1	0.25	0.5	1	1	1	0.5	1
SRR2978953	1	1	1	1	0.25	0.5	1	1	0.5	0.5	1
SRR2978954	1	1	1	1	0.25	0.25	1	1	1	0.5	1
SRR2978955	1	1	1	1	0.25	1	1	1	1	0.5	1
SRR2978956	1	1	1	1	0.25	0.5	1	1	1	0.5	1
SRR2978957	1	1	1	1	0.25	0.5	1	1	1	0.5	1
SRR2978958	1	1	1	1	0.25	0.25	1	1	0.5	0.5	1
SRR2978959	1	1	1	1	0.25	0.25	1	1	1	0.5	1
SRR2978960	1	1	1	1	0.25	0.25	1	1	0.5	1	1
SRR2978961	1	1	1	1	0.25	0.25	1	1	0.5	1	1
SRR2978962	1	1	1	1	0.25	0.25	1	1	0.5	0.5	1
SRR2978963	1	1	1	1	0.25	0.25	1	1	0.5	0.5	1
SRR2978964	1	1	1	1	0.25	0.25	1	1	0.5	0.5	1
SRR2978965	1	1	1	1	0.25	0.25	1	1	0.5	1	1
SRR2978966	1	1	1	1	0.25	0.25	1	1	0.5	0.5	1
SRR2978967	1	1	1	1	0.25	0.25	1	1	1	0.5	1
SRR2978968	1	1	1	1	0.25	0.25	1	1	1	0.5	1
SRR2978969	1	1	1	1	0.25	0.25	1	1	1	0.5	1
SRR2978970	1	1	1	1	0.25	0.25	1	1	1	0.5	1
SRR2978971	1	1	1	1	0.25	0.25	1	1	0.5	1	1
SRR2978972	1	1	1	1	0.25	0.25	1	1	0.5	1	1
SRR2978973	1	1	1	1	0.25	0.25	1	1	0.5	0.5	1
SRR2978974	1	1	1	1	0.25	0.25	1	1	0.5	1	1
SRR2978975	1	1	1	1	0.25	0.25	1	1	0.5	0.5	1
SRR2978976	1	1	1	1	0.25	0.25	1	1	0.5	1	1
SRR2978977	1	1	1	1	0.25	0.25	1	1	0.5	0.5	1
SRR2978978	1	1	1	1	0.25	0.25	1	1	1	1	1
SRR2978979	1	1	1	1	0.25	0.25	1	1	0.5	1	1
SRR2978980	1	1	1	1	0.25	0.25	1	1	1	0.5	1
SRR2978981	1	1	1	1	0.25	0.25	1	1	0.5	1	1
SRR2978982	1	1	1	1	0.25	0.5	1	1	0.5	0.5	1
SRR2978983	1	1	1	1	0.25	0.5	1	1	1	0.5	1
SRR2978984	1	1	1	1	0.25	0.5	1	1	1	1	1
SRR2978985	1	1	1	1	0.25	0.25	1	1	0.5	1	1
SRR2978986	1	1	1	1	0.25	0.25	1	1	0.5	1	1
SRR2978987	1	1	1	1	0.25	0.5	1	1	0.5	1	1
SRR2978988	1	1	1	1	0.25	0.5	1	1	1	0.5	1
SRR2978989	1	1	1	1	0.25	0.5	1	1	0.5	0.5	1
SRR2978990	1	1	1	1	0.25	0.25	1	1	1	1	1
SRR2978991	1	1	1	1	0.25	0.25	1	1	0.5	1	1
SRR2978992	1	1	1	1	0.25	0.5	1	1	1	1	1
SRR2978993	1	1	1	1	0.25	0.5	1	1	0.5	0.5	1
SRR2978994	1	1	1	1	0.25	0.5	1	1	0.5	0.5	1
SRR2978995	1	1	0.25	1	0.25	0.25	1	1	0.5	1	1
SRR2978996	1	1	0.25	1	0.25	0.5	1	1	1	0.5	1
SRR2978997	1	1	1	1	0.25	0.5	1	1	0.5	1	1
SRR2978998	1	1	0.25	1	0.25	0.25	1	1	0.5	0.5	1
SRR2978999	1	1	0.25	1	0.25	0.25	1	1	0.5	1	1
SRR2979000	1	1	0.25	1	0.25	0.5	1	1	0.5	0.5	1
SRR2979001	1	1	0.25	1	0.25	0.25	1	1	0.5	0.5	1
SRR2979002	1	1	0.25	1	0.25	0.25	1	1	0.5	1	1
SRR2979003	1	1	0.25	1	0.25	0.25	1	1	0.5	1	1
SRR2979004	1	1	0.25	1	0.25	0.5	1	1	0.5	1	1
SRR2979005	1	1	0.25	1	0.25	0.5	1	1	0.5	0.5	1
SRR2979006	1	1	0.25	1	0.25	0.5	1	1	0.5	0.5	1
SRR2979007	1	1	0.25	1	0.25	0.25	1	1	0.5	1	1
SRR2979008	1	1	0.25	1	0.25	0.25	1	1	0.5	1	1
SRR2979009	1	1	0.25	1	0.25	0.25	1	1	0.5	0.5	1
SRR2979010	1	1	0.25	1	0.25	0.5	1	1	0.5	1	1
SRR2979011	1	1	0.25	1	0.25	0.25	1	1	0.5	1	1
SRR2979012	1	1	0.25	1	0.25	0.25	1	1	0.5	0.5	1
SRR2979013	1	1	0.25	1	0.25	0.25	1	1	0.5	0.5	1
SRR2979014	1	1	0.25	1	0.25	0.25	1	1	1	0.5	1
SRR2979015	1	1	0.25	1	0.25	0.5	1	1	1	1	1
SRR2979016	1	1	0.25	1	0.25	0.25	1	1	1	1	1
SRR2979017	1	1	0.25	1	0.25	0.25	1	1	1	0.5	1
SRR2979018	1	1	0.25	1	0.25	0.25	1	1	1	0.5	1
SRR2979019	1	1	0.25	1	0.25	0.25	1	1	1	0.5	1
SRR2979020	1	1	0.25	1	0.25	0.25	1	1	1	1	1
SRR2979021	1	1	0.25	1	0.25	0.25	1	1	1	0.5	1
SRR2979022	1	1	0.25	1	0.25	0.25	1	1	1	0.5	1
SRR2979023	1	1	0.25	1	0.25	0.25	1	1	0.5	0.5	1
SRR2979024	1	1	0.25	1	0.25	0.25	1	1	1	0.5	1
SRR2979025	1	1	0.25	1	0.25	0.25	1	1	0.5	0.5	1
SRR2979026	1	1	0.25	1	0.25	0.25	1	1	1	0.5	1
SRR2979027	1	1	0.25	1	0.25	0.25	1	1	0.5	0.5	1
SRR2979028	1	1	0.25	1	0.25	0.25	1	1	0.5	0.5	1
SRR2979029	1	1	0.25	1	0.25	0.25	1	1	0.5	1	1
SRR2979030	1	1	0.25	1	0.25	0.25	1	1	0.5	0.5	1
SRR2979031	1	1	0.25	1	0.25	0.5	1	1	0.5	0.5	1
SRR2979032	1	1	0.5	1	0.25	0.25	1	1	0.5	0.5	1
SRR2979034	1	1	0.25	1	0.25	0.25	1	1	0.5	1	1
SRR2979035	1	1	0.25	1	0.25	0.25	1	1	0.5	1	1
SRR2979036	1	1	0.25	1	0.25	0.25	1	1	0.5	1	1
SRR2979037	1	1	0.5	1	0.25	0.5	1	1	1	1	1
SRR2979038	1	1	0.5	1	0.25	0.5	1	1	0.5	1	1
SRR2979039	1	1	1	1	0.25	0.25	1	1	0.5	1	1
SRR2979040	1	1	1	1	0.25	0.5	1	1	0.5	0.5	1
SRR2979041	1	1	1	1	0.25	0.5	1	1	0.5	0.5	1
SRR2979042	1	1	1	1	0.25	0.25	1	1	0.5	0.5	1
SRR2979043	1	1	1	1	0.25	0.25	1	1	0.5	0.5	1
SRR2979044	1	1	1	1	0.25	0.25	1	1	0.5	0.5	1
SRR2979045	1	1	1	1	0.25	0.25	1	1	0.5	0.5	1
SRR2979046	1	1	1	1	0.25	0.25	1	1	0.5	1	1
SRR2979047	1	1	1	1	0.25	0.25	1	1	0.5	1	1
SRR2979048	1	1	1	1	0.25	0.25	1	1	0.5	0.5	1
SRR2979049	1	1	1	1	0.25	0.25	1	1	0.5	1	1
SRR2979050	1	1	1	1	0.25	0.25	1	1	0.25	1	1
SRR2979051	1	1	1	1	0.25	0.25	1	1	0.5	1	1
SRR2979052	1	1	1	1	0.25	0.25	1	1	0.5	1	1
SRR2979053	1	1	1	1	0.25	0.5	1	1	0.5	1	1
SRR2979054	1	1	1	1	0.25	0.25	1	1	0.5	1	1
SRR2979055	1	1	1	1	0.25	0.25	1	1	0.5	1	1
SRR2979056	1	1	1	1	0.25	0.5	1	1	0.5	1	1
SRR2979057	1	1	1	1	0.25	0.25	1	1	0.5	1	1
SRR2979058	1	1	1	1	0.25	0.25	1	1	0.5	1	1
SRR2979059	1	1	1	1	0.25	0.25	1	1	0.5	1	1
SRR2979060	1	1	1	1	0.25	0.25	1	1	1	1	1
SRR2979061	1	1	1	1	0.25	0.25	1	1	0.5	1	1
SRR2979062	1	1	1	1	0.25	0.25	1	1	0.5	1	1
SRR2979063	1	1	1	1	0.25	0.25	1	1	0.5	0.5	1
SRR2979064	1	1	1	1	0.25	0.25	1	1	0.5	1	1
SRR2979065	1	1	1	1	0.25	0.5	1	1	0.5	0.5	1
SRR2979066	1	1	1	1	0.25	0.5	1	1	0.5	1	1
SRR2979067	1	1	1	1	0.25	0.25	1	1	0.5	1	1
SRR2979068	1	1	1	1	0.25	0.25	1	1	0.5	1	1
SRR2979069	1	1	1	1	0.25	0.25	1	1	0.5	1	1
SRR2979070	1	1	1	1	0.25	0.25	1	1	0.5	1	1
SRR2979071	1	1	1	1	0.25	0.25	1	1	0.5	1	1
SRR2979072	1	1	1	1	0.25	0.5	1	1	0.5	1	1
SRR2979073	1	1	1	1	0.25	0.25	1	1	0.5	1	1
SRR2979074	1	1	1	1	0.25	0.25	1	1	0.5	1	1
SRR2979075	1	1	1	1	0.25	0.25	1	1	0.5	1	1
SRR2979076	1	1	1	1	0.25	0.25	1	1	0.5	1	1
SRR2979077	1	1	1	1	0.25	0.25	1	1	0.5	1	1
SRR2979078	1	1	1	1	0.25	0.25	1	1	0.5	1	1
SRR2979079	1	1	1	1	0.25	0.5	1	1	0.5	1	1
SRR2979080	1	1	1	1	0.25	0.25	1	1	0.5	1	1
SRR2979081	1	1	1	1	0.25	0.25	1	1	1	0.5	1
SRR2979082	1	1	1	1	0.25	0.25	1	1	0.5	0.5	1
SRR2979083	1	1	1	1	0.25	0.25	1	1	0.5	1	1
SRR2979084	1	1	1	1	0.25	0.5	1	1	0.5	0.5	1
SRR2979085	1	1	1	1	0.25	0.25	1	1	0.5	0.5	1
SRR2979086	1	1	1	1	0.25	0.25	1	1	0.5	0.5	1
SRR2979087	1	1	1	1	0.25	0.5	1	1	0.5	0.5	1
SRR2979088	1	1	1	1	0.25	0.25	1	1	0.5	1	1
SRR2979089	1	1	1	1	0.25	0.5	1	1	0.5	0.5	1
SRR2979090	1	1	1	1	0.25	0.5	1	1	0.5	0.5	1
SRR2979091	1	1	1	1	0.25	0.5	1	1	0.5	0.5	1
SRR2979092	1	1	1	1	0.25	0.25	1	1	0.5	0.5	1
SRR2979093	1	1	1	1	0.25	0.25	1	1	0.5	0.5	1
SRR2979094	1	1	1	1	0.25	0.25	1	1	0.5	0.5	1
SRR2979095	1	1	1	1	0.25	0.5	1	1	0.5	0.5	1
SRR2979096	1	1	1	1	0.25	1	1	1	0.5	0.5	1
SRR2979097	1	1	1	1	0.25	0.5	1	1	0.5	0.5	1
SRR2979098	1	1	1	1	0.25	0.5	1	1	0.5	0.5	1
SRR2979099	1	1	1	1	0.25	0.25	1	1	0.5	1	1
SRR2979100	1	1	1	1	0.25	0.25	1	1	0.5	1	1
SRR2979101	1	1	1	1	0.25	0.25	1	1	0.5	0.5	1
SRR2979102	1	1	1	1	0.25	0.5	1	1	0.5	0.5	1
SRR2979103	1	1	1	1	0.25	0.5	1	1	0.5	1	1
SRR2979104	1	1	1	1	0.25	0.25	1	1	0.25	1	1
SRR2979105	1	1	1	1	0.25	0.25	1	1	0.5	1	1
SRR2979106	1	1	1	1	0.25	0.25	1	1	0.5	0.5	1
SRR2979107	1	1	1	1	0.25	0.25	1	1	0.5	0.5	1
SRR2979108	1	1	1	1	0.25	0.25	1	1	0.5	0.5	1
SRR2979109	1	1	1	1	0.25	0.5	1	1	0.5	0.5	1
SRR2979110	1	1	1	1	0.25	0.25	1	1	0.5	1	1
SRR2979111	1	1	1	1	0.25	0.25	1	1	0.5	1	1
SRR2979112	1	1	1	1	0.25	0.25	1	1	0.5	1	1
SRR2979113	1	1	1	1	0.25	0.25	1	1	0.5	1	1
SRR2979114	1	1	1	1	0.25	0.5	1	1	0.25	1	1
SRR2979115	1	1	1	1	0.25	0.5	1	1	0.25	1	1
SRR2979116	1	1	1	1	0.25	0.5	1	1	0.5	1	1
SRR2979117	1	1	1	1	0.25	0.5	1	1	0.5	1	1
SRR2979118	1	1	1	1	0.25	0.25	1	1	0.5	1	1
SRR2979119	1	1	1	1	0.25	0.25	1	1	0.5	0.5	1
SRR2979120	1	1	1	1	0.25	0.25	1	1	0.5	0.5	1
SRR2979121	1	1	1	1	0.25	0.25	1	1	0.5	0.5	1
SRR2979122	1	1	1	1	0.25	0.5	1	1	1	0.5	1
SRR2979123	1	1	1	1	0.25	0.25	1	1	0.5	0.5	1
SRR2979124	1	1	1	1	0.25	0.5	1	1	0.5	0.5	1
SRR2979125	1	1	1	1	0.25	0.25	1	1	0.5	0.5	1
SRR2979126	1	1	1	1	0.25	0.5	1	1	0.5	0.5	1
SRR2979127	1	1	1	1	0.25	0.5	1	1	1	0.5	1
SRR2979128	1	1	1	1	0.25	0.5	1	1	0.5	1	1
SRR2979129	1	1	1	1	0.25	0.5	1	1	1	1	1
SRR2979130	1	1	1	1	0.25	0.25	1	1	0.5	1	1
SRR2979131	1	1	1	1	0.25	0.5	1	1	1	0.5	1
SRR2979132	1	1	1	1	0.25	0.25	1	1	0.5	1	1
SRR2979133	1	1	1	1	0.25	0.25	1	1	0.5	1	1
SRR2979134	1	1	1	1	0.25	0.25	1	1	0.5	1	1
SRR2979135	1	1	1	1	0.25	0.25	1	1	1	0.5	1
SRR2979136	1	1	1	1	0.25	0.25	1	1	0.5	0.5	1
SRR2979137	1	1	1	1	0.25	0.25	1	1	1	0.5	1
SRR2979138	1	1	1	1	0.25	0.25	1	1	1	0.5	1
SRR2979139	1	1	1	1	0.25	0.25	1	1	0.5	0.5	1
SRR2979140	1	1	1	1	0.25	0.25	1	1	0.5	0.5	1
SRR2979141	1	1	1	1	0.25	0.25	1	1	1	0.5	1
SRR2979142	1	1	1	1	0.25	0.25	1	1	1	0.5	1
SRR2979143	1	1	1	1	0.25	0.5	1	1	1	0.5	1
SRR2979144	1	1	1	1	0.25	0.5	1	1	0.5	0.5	1
SRR2979145	1	1	1	1	0.25	0.5	1	1	0.5	1	1
SRR2979146	1	1	1	1	0.25	0.25	1	1	0.5	0.5	1
SRR2979147	1	1	1	1	0.25	0.25	1	1	0.5	1	1
SRR2979148	1	1	1	1	0.25	0.25	1	1	1	0.5	1
SRR2979149	1	1	1	1	0.25	0.25	1	1	0.5	0.5	1
SRR2979150	1	1	1	1	0.25	0.25	1	1	0.5	0.5	1
SRR2979151	1	1	1	1	0.25	0.25	1	1	0.5	1	1
SRR2979152	1	1	1	1	0.25	0.25	1	1	0.5	0.5	1
SRR2979153	1	1	1	1	0.25	0.25	1	1	1	0.5	1
SRR2979154	1	1	1	1	0.25	0.25	1	1	1	1	1
SRR2979155	1	1	1	1	0.25	0.5	1	1	1	0.5	1
SRR2979156	1	1	1	1	0.25	0.25	1	1	0.5	1	1
SRR2979157	1	1	1	1	0.25	0.25	1	1	0.5	0.5	1
SRR2979158	1	1	1	1	0.25	0.25	1	1	0.5	0.5	1
SRR2979159	1	1	1	1	0.25	0.25	1	1	1	0.5	1
SRR2979160	1	1	1	1	0.25	0.25	1	1	1	0.5	1
SRR2979161	1	1	1	1	0.25	0.5	1	1	0.5	0.5	1
SRR2979162	1	1	1	1	0.25	0.25	1	1	0.5	0.5	1
SRR2979163	1	1	1	1	0.25	0.25	1	1	0.5	0.5	1
SRR2979164	1	1	1	1	0.25	0.25	1	1	0.5	0.5	1
SRR2979165	1	1	1	1	0.25	0.5	1	1	1	0.5	1
SRR2979166	1	1	1	1	0.25	0.25	1	1	1	0.5	1
SRR2979167	1	1	1	1	0.25	0.5	1	1	1	0.5	1
SRR2979168	1	1	1	1	0.25	0.25	1	1	0.5	1	1
SRR2979169	1	1	1	1	0.25	0.25	1	1	0.5	1	1
SRR2979170	1	1	1	1	0.25	0.25	1	1	0.5	0.5	1
SRR2979171	1	1	1	1	0.25	0.25	1	1	0.5	1	1
SRR2979172	1	1	1	1	0.25	0.25	1	1	0.5	1	1
SRR2979173	1	1	1	1	0.25	0.25	1	1	0.5	0.5	1
SRR2979174	1	1	1	1	0.25	0.25	1	1	0.5	0.5	1
SRR2979175	1	1	1	1	0.25	0.25	1	1	1	0.5	1
SRR2979176	1	1	1	1	0.25	0.25	1	1	0.5	0.5	1
SRR2979177	1	1	1	1	0.25	0.25	1	1	0.5	0.5	1
SRR2979178	1	1	1	1	0.25	0.5	1	1	1	0.5	1
SRR2979179	1	1	1	1	0.25	0.5	1	1	0.5	0.5	1
SRR2979180	1	1	1	1	0.25	0.25	1	1	1	1	1
SRR2979181	1	1	1	1	0.25	0.25	1	1	0.5	0.5	1
SRR2979182	1	1	1	1	0.25	0.25	1	1	0.5	0.5	1
SRR2979183	1	1	1	1	0.25	0.25	1	1	0.5	0.5	1
SRR2979184	1	1	1	1	0.25	0.25	1	1	0.5	0.5	1
SRR2979185	1	1	1	1	0.25	0.25	1	1	1	0.5	1
SRR2979186	1	1	1	1	0.25	0.5	1	1	1	0.5	1
SRR2979187	1	1	1	1	0.25	0.25	1	1	1	0.5	1
SRR2979188	1	1	1	1	0.25	0.25	1	1	0.5	0.5	1
SRR2979189	1	1	1	1	0.25	1	1	1	0.5	0.5	1
SRR2979190	1	1	1	1	0.25	0.5	1	1	1	0.5	1
SRR2979191	1	1	1	1	0.25	1	1	1	0.5	0.5	1
SRR2979192	1	1	1	1	0.25	0.25	1	1	0.5	0.5	1
SRR2979193	1	1	1	1	0.25	0.25	1	1	0.5	0.5	1
SRR2979194	1	1	1	1	0.25	0.25	1	1	0.5	1	1
SRR2979195	1	1	1	1	0.25	0.25	1	1	0.5	0.5	1
SRR2979196	1	1	1	1	0.25	0.25	1	1	0.5	0.5	1
SRR2979197	1	1	1	1	0.25	0.25	1	1	1	1	1
SRR2979198	1	1	1	1	0.25	0.25	1	1	0.5	0.5	1
SRR2979199	1	1	1	1	0.25	0.25	1	1	0.5	1	1
SRR2979200	1	1	1	1	0.25	0.25	1	1	0.5	1	1
SRR2979201	1	1	1	1	0.25	0.25	1	1	1	0.5	1
SRR2979202	1	1	1	1	0.25	0.25	1	1	1	0.5	1
SRR2979203	1	1	1	1	0.25	0.5	1	1	1	0.5	1
SRR2979204	1	1	1	1	0.25	0.25	1	1	0.5	0.5	1
SRR2979205	1	1	1	1	0.25	0.25	1	1	0.5	0.5	1
SRR2979206	1	1	1	1	0.25	0.25	1	1	0.5	1	1
SRR2979207	1	1	1	1	0.25	0.25	1	1	0.5	1	1
SRR2979208	1	1	1	1	0.25	0.25	1	1	0.5	1	1
SRR2979209	1	1	1	1	0.25	0.25	1	1	0.5	1	1
SRR2979210	1	1	1	1	0.25	0.25	1	1	0.5	1	1
SRR2979211	1	1	1	1	0.25	0.25	1	1	0.5	0.5	1
SRR2979212	1	1	1	1	0.25	0.25	1	1	0.5	0.5	1
SRR2979213	1	1	1	1	0.25	0.25	1	1	0.5	1	1
SRR2979214	1	1	1	1	0.25	0.25	1	1	0.5	0.5	1
SRR2979215	1	1	1	1	0.25	0.25	1	1	0.5	0.5	1
SRR2979216	1	1	1	1	0.25	0.25	1	1	0.5	1	1
SRR2979217	1	1	1	1	0.25	0.5	1	1	0.5	0.5	1
SRR2979218	1	1	1	1	0.25	0.25	1	1	0.5	0.5	1
SRR2979219	1	1	1	1	0.25	0.5	1	1	0.5	0.5	1
SRR2979220	1	1	1	1	0.25	0.25	1	1	0.5	1	1
SRR2979221	1	1	1	1	0.25	0.25	1	1	1	1	1
SRR2979222	1	1	1	1	0.25	0.25	1	1	0.5	1	1
SRR2979223	1	1	1	1	0.25	0.25	1	1	0.5	1	1
SRR2979224	1	1	1	1	0.25	0.5	1	1	0.5	1	1
SRR2979225	1	1	1	1	0.25	0.5	1	1	1	1	1
SRR2979226	1	1	1	1	0.25	0.5	1	1	0.5	1	1
SRR2979227	1	1	0.5	1	0.25	0.25	1	1	0.5	0.5	1
SRR2979228	1	1	0.5	1	0.25	0.5	1	1	0.25	0.5	1
SRR2979229	1	1	0.25	1	0.25	0.25	1	1	0.5	0.5	1
SRR2979230	1	1	0.5	1	0.25	0.25	1	1	0.5	0.5	1
SRR2979231	1	1	0.5	1	0.25	0.25	1	1	0.5	0.5	1
SRR2979232	1	1	0.5	1	0.25	0.25	1	1	0.5	0.5	1
SRR2979233	1	1	0.5	1	0.25	0.5	1	1	0.25	0.5	1
SRR2979235	1	1	0.5	1	0.25	0.25	1	1	0.25	0.5	1
SRR2979236	1	1	0.5	1	0.25	0.5	1	1	0.5	0.5	1
SRR2979237	1	1	0.5	1	0.25	0.25	1	1	0.25	0.5	1
SRR2979238	1	1	0.5	1	0.25	0.25	1	1	0.25	0.5	1
SRR2979239	1	1	0.5	1	0.25	0.5	1	1	0.5	0.5	1
SRR2979240	1	1	0.25	1	0.25	0.25	1	1	0.5	0.5	1
SRR2979241	1	1	0.5	1	0.25	0.25	1	1	0.5	0.5	1
SRR2979242	1	1	0.25	1	0.25	0.25	1	1	0.5	0.5	1
SRR2979243	1	1	0.25	1	0.25	0.25	1	1	0.5	0.5	1
SRR2979244	1	1	0.5	1	0.25	0.25	1	1	0.5	0.5	1
SRR2979245	1	1	0.5	1	0.25	0.25	1	1	0.5	0.5	1
SRR2979246	1	1	0.5	1	0.25	0.5	1	1	0.25	0.5	1
SRR2979247	1	1	0.5	1	0.25	0.25	1	1	0.25	0.5	1
SRR2979248	1	1	0.5	1	0.25	0.25	1	1	0.25	0.5	1
SRR2979249	1	1	0.5	1	0.25	0.25	1	1	0.25	0.5	1
SRR2979250	1	1	0.5	1	0.25	0.25	1	1	0.25	0.5	1
SRR2979251	1	1	0.5	1	0.25	0.5	1	1	0.25	0.5	1
SRR2979252	1	1	0.25	1	0.25	0.25	1	1	0.25	0.5	1
SRR2979253	1	1	0.25	1	0.25	0.25	1	1	0.5	0.5	1
SRR2979254	1	1	0.25	1	0.25	0.25	1	1	0.25	0.5	1
SRR2979255	1	1	0.5	1	0.25	0.25	1	1	0.25	0.5	1
SRR2979256	1	1	0.5	1	0.25	0.25	1	1	0.25	0.5	1
SRR2979257	1	1	0.5	1	0.25	0.5	1	1	0.25	0.5	1
SRR2979258	1	1	0.5	1	0.25	0.25	1	1	0.25	0.5	1
SRR2979259	1	1	0.5	1	0.25	0.25	1	1	0.25	0.5	1
SRR2979260	1	1	0.5	1	0.25	0.5	1	1	0.5	0.5	1
SRR2979261	1	1	0.25	1	0.25	0.25	1	1	0.5	0.5	1
SRR2979262	1	1	0.5	1	0.25	0.25	1	1	0.25	0.5	1
SRR2979263	1	1	0.25	1	0.25	0.25	1	1	0.5	0.5	1
SRR2979264	1	1	0.25	1	0.25	0.25	1	1	0.25	0.5	1
SRR2979265	1	1	0.5	1	0.25	0.25	1	1	0.25	0.5	1
SRR2979266	1	1	0.5	1	0.25	0.25	1	1	0.25	0.5	1
SRR2979267	1	1	0.5	1	0.25	0.5	1	1	0.5	0.5	1
SRR2979268	1	1	0.5	1	0.25	0.25	1	1	0.25	0.5	1
SRR2979269	1	1	0.5	1	0.25	0.25	1	1	0.25	0.5	1
SRR2979270	1	1	0.5	1	0.25	0.25	1	1	0.5	0.5	1
SRR2979271	1	1	0.5	1	0.25	0.5	1	1	0.5	0.5	1
SRR2979272	1	1	0.25	1	0.25	0.25	1	1	0.5	0.5	1
SRR2979273	1	1	0.5	1	0.25	0.25	1	1	0.5	0.5	1
SRR2979274	1	1	0.25	1	0.25	0.5	1	1	0.25	0.5	1
SRR2979275	1	1	0.25	1	0.25	0.25	1	1	0.5	0.5	1
SRR2979276	1	1	1	1	0.25	0.25	1	1	0.5	0.5	1
SRR2979277	1	1	0.5	1	0.25	0.25	1	1	0.25	0.5	1
SRR2979278	1	1	0.5	1	0.25	0.25	1	1	0.25	0.5	1
SRR2979279	1	1	0.5	1	0.25	0.25	1	1	0.25	0.5	1
SRR2979280	1	1	0.5	1	0.25	0.25	1	1	0.5	0.5	1
SRR2979281	1	1	0.5	1	0.25	0.5	1	1	0.25	0.5	1
SRR2979282	1	1	0.25	1	0.25	0.25	1	1	0.25	0.5	1
SRR2979283	1	1	0.5	1	0.25	0.25	1	1	0.5	0.5	1
SRR2979284	1	1	0.25	1	0.25	0.25	1	1	0.25	0.5	1
SRR2979285	1	1	0.25	1	0.25	0.25	1	1	0.5	0.5	1
SRR2979286	1	1	1	1	0.25	0.5	1	1	0.25	0.5	1
SRR2979287	1	1	0.5	1	0.25	0.25	1	1	0.25	0.5	1
SRR2979288	1	1	1	1	0.25	1	1	1	1	0.5	1
SRR2979289	1	1	1	1	0.25	1	1	1	0.5	0.5	1
SRR2979290	1	1	1	1	0.25	1	1	1	0.5	0.5	1
SRR2979291	1	1	1	1	0.25	1	1	1	0.5	0.5	1
SRR2979292	1	1	1	1	0.25	1	1	1	0.5	0.5	1
SRR2979293	1	1	1	1	0.25	0.5	1	1	0.5	0.5	1
SRR2979294	1	1	1	1	0.25	1	1	1	0.5	1	1
SRR2979295	1	1	1	1	0.25	0.5	1	1	0.5	0.5	1
SRR2979296	1	1	1	1	0.25	1	1	1	0.5	0.5	1
SRR2979297	1	1	1	1	0.25	0.5	1	1	0.5	0.25	1
SRR2979298	1	1	1	1	0.25	1	1	1	0.5	0.5	1
SRR2979299	1	1	1	1	0.25	1	1	1	0.5	0.5	1
SRR2979300	1	1	1	1	0.25	0.5	1	1	0.5	0.5	1
SRR2979301	1	1	1	1	0.25	0.5	1	1	0.5	0.5	1
SRR2979302	1	1	1	1	0.25	1	1	1	0.5	0.5	1
SRR2979303	1	1	1	1	0.25	0.5	1	1	0.5	0.5	1
SRR2979304	1	1	1	1	0.25	1	1	1	0.5	0.5	1
SRR2979305	1	1	1	1	0.25	1	1	1	0.5	0.5	1
SRR2979306	1	1	1	1	0.25	0.25	1	1	0.5	1	1
SRR2979307	1	1	1	1	0.25	0.5	1	1	0.5	0.5	1
SRR2979308	1	1	1	1	0.25	0.5	1	1	0.25	0.5	1
SRR2979309	1	1	1	1	0.25	1	1	1	0.5	0.5	1
SRR2979310	1	1	1	1	0.25	0.5	1	1	0.5	0.5	1
SRR2979311	1	1	1	1	0.25	1	1	1	0.5	0.5	1
SRR2979312	1	1	1	1	0.25	1	1	1	0.5	0.5	1
SRR2979313	1	1	1	1	0.25	0.5	1	1	0.25	0.5	1
SRR2979314	1	1	1	1	0.25	0.5	1	1	0.5	0.5	1
SRR2979315	1	1	1	1	0.25	1	1	1	0.5	0.5	1
SRR2979316	1	1	1	1	0.25	1	1	1	0.5	0.5	1
SRR2979317	1	1	1	1	0.25	0.25	1	1	0.5	0.5	1
SRR2979318	1	1	1	1	0.25	1	1	1	0.5	0.5	1
SRR2979319	1	1	1	1	0.25	0.5	1	1	0.5	0.5	1
SRR2979320	1	1	1	1	0.25	0.5	1	1	0.5	0.5	1
SRR2979321	1	1	1	1	0.25	0.25	1	1	0.25	0.5	1
SRR2979322	1	1	1	1	0.25	1	1	1	0.5	0.5	1
SRR2979323	1	1	1	1	0.25	0.5	1	1	0.25	0.5	1
SRR2979324	1	1	1	1	0.25	0.5	1	1	0.5	1	1
SRR2979325	1	1	1	1	0.25	0.5	1	1	0.5	0.5	1
SRR2979326	1	1	1	1	0.25	1	1	1	0.5	0.5	1
SRR2979327	1	1	1	1	0.25	1	1	1	0.5	1	1
SRR2979328	1	1	1	1	0.25	1	1	1	0.5	1	1
SRR2979329	1	1	1	1	0.25	1	1	1	0.25	0.5	1
SRR2979330	1	1	1	1	0.25	1	1	1	0.25	1	1
SRR2979331	1	1	1	1	0.25	0.5	1	1	0.25	0.5	1
SRR2979332	1	1	1	1	0.25	0.5	1	1	0.5	0.5	1
SRR2979333	1	1	1	1	0.25	0.5	1	1	0.25	1	1
SRR2979334	1	1	1	1	0.25	1	1	1	0.5	0.5	1
SRR2979335	1	1	1	1	0.25	1	1	1	0.5	0.5	1
SRR2979336	1	1	1	1	0.25	0.5	1	1	0.25	0.5	1
SRR2979337	1	1	1	1	0.25	1	1	1	0.5	0.5	1
SRR2979338	1	1	1	1	0.25	1	1	1	0.5	0.5	1
SRR2979339	1	1	1	1	0.25	1	1	1	0.5	0.5	1
SRR2979340	1	1	1	1	0.25	1	1	1	0.5	0.5	1
SRR2979341	1	1	1	1	0.25	1	1	1	0.5	0.5	1
SRR2979342	1	1	1	1	0.25	1	1	1	0.5	0.5	1
SRR2979343	1	1	1	1	0.25	0.5	1	1	0.25	0.5	1
SRR2979344	1	1	1	1	0.25	1	1	1	0.5	0.5	1
SRR2979345	1	1	1	1	0.25	1	1	1	0.5	0.5	1
SRR2979346	1	1	1	1	0.25	1	1	1	0.25	0.5	1
SRR2979347	1	1	1	1	0.25	1	1	1	0.25	0.5	1
SRR2979348	1	1	1	1	0.25	1	1	1	0.5	0.5	1
SRR2979349	1	1	1	1	0.25	1	1	1	0.5	0.5	1
SRR2979350	1	1	1	1	0.25	1	1	1	0.5	0.5	1
SRR2979351	1	1	1	1	0.25	1	1	1	0.25	0.5	1
SRR2979352	1	1	1	1	0.25	1	1	1	0.5	0.5	1
SRR2979353	1	1	1	1	0.25	0.5	1	1	0.5	0.5	1
SRR2979354	1	1	1	1	0.25	1	1	1	0.25	0.5	1
SRR2979355	1	1	1	1	0.25	0.5	1	1	0.5	0.5	1
SRR2979356	1	0.25	0.25	1	0.25	1	0.25	1	1	1	1
SRR2979357	1	0.25	0.25	1	0.25	1	0.25	1	1	1	1
SRR2979358	1	1	0.25	1	0.25	1	0.5	1	0.5	1	1
SRR2979359	1	0.25	0.25	1	0.25	1	0.25	1	1	0.5	1
SRR2979360	1	1	0.25	1	0.25	1	0.5	1	0.5	1	1
SRR2979361	1	1	0.25	1	0.25	1	0.5	1	1	0.5	1
SRR2979362	1	1	0.25	1	0.25	1	1	1	0.5	0.5	1
SRR2979363	1	1	0.25	1	0.25	1	1	1	1	0.5	1
SRR2979364	1	1	0.25	1	0.25	1	1	1	1	0.5	1
SRR2979365	1	1	0.25	1	0.25	0.5	0.5	1	1	0.5	1
SRR2979366	1	1	0.25	1	0.25	1	1	1	0.25	0.5	1
SRR2979367	1	1	0.25	1	0.25	0.5	1	1	1	0.5	1
SRR2979368	1	1	0.25	1	0.25	1	1	1	0.5	0.5	1
SRR2979369	1	1	0.25	1	0.25	1	1	1	0.5	0.5	1
SRR2979370	1	1	0.25	1	0.25	0.5	1	1	0.5	0.5	1
SRR2979371	1	1	0.25	1	0.25	1	1	1	0.5	0.5	1
SRR2979372	1	1	0.25	1	0.25	1	1	1	1	0.5	1
SRR2979373	1	1	0.25	1	0.25	1	1	1	0.5	0.5	1
SRR2979374	1	1	0.25	1	0.25	0.5	1	1	1	0.5	1
SRR2979375	1	1	1	1	0.25	0.5	1	1	0.5	0.5	1
SRR2979376	1	1	1	1	0.25	1	1	1	0.5	0.5	1
SRR2979377	1	1	1	1	0.25	0.25	1	1	0.5	0.25	1
SRR2979378	1	1	0.25	1	0.25	1	1	1	0.5	0.5	1
SRR2979379	1	1	0.25	1	0.25	1	1	1	1	0.5	1
SRR2979380	1	1	0.25	1	0.25	1	1	1	0.5	0.5	1
SRR2979381	1	1	0.25	1	0.25	1	1	1	0.5	0.5	1
SRR2979382	1	1	0.25	1	0.25	1	1	1	0.5	0.5	1
SRR2979383	1	1	0.25	1	0.25	1	1	1	0.5	0.5	1
SRR2979384	1	1	0.25	1	0.25	1	1	1	0.5	0.5	1
SRR2979385	1	1	0.25	1	0.25	1	1	1	0.5	0.5	1
SRR2979386	1	1	0.25	1	0.25	1	1	1	0.5	0.5	1
SRR2979387	1	1	1	1	0.25	1	1	1	0.5	0.5	1
SRR2979388	1	1	1	1	0.25	1	1	1	0.5	0.5	1
SRR2979389	1	1	0.5	1	0.25	1	1	1	0.25	0.5	1
SRR2979390	1	1	0.25	1	0.25	0.5	1	1	0.5	0.5	1
SRR2979391	1	1	0.25	1	0.25	0.5	1	1	1	0.5	1
SRR2979392	1	1	0.25	1	0.25	1	1	1	0.25	0.5	1
SRR2979393	1	1	0.25	1	0.25	1	1	1	0.5	0.5	1
SRR2979394	1	1	0.25	1	0.25	1	1	1	0.25	0.5	1
SRR2979395	1	1	0.25	1	0.25	1	1	1	0.5	0.5	1
SRR2979396	1	1	0.25	1	0.25	1	1	1	0.5	1	1
SRR2979397	1	1	0.25	1	0.25	0.5	1	1	0.5	0.5	1
SRR2979398	1	1	1	1	0.25	1	1	1	0.25	0.5	1
SRR2979399	1	1	0.5	1	0.25	1	1	1	0.25	0.5	1
SRR2979401	1	1	1	1	0.25	0.5	1	1	0.25	0.5	1
SRR2979402	1	1	0.25	1	0.25	1	1	1	0.5	0.5	1
SRR2979403	1	1	0.25	1	0.25	1	1	1	0.5	0.5	1
SRR2979404	1	1	0.25	1	0.25	0.5	1	1	0.5	1	1
SRR2979405	1	1	0.25	1	0.25	1	1	1	0.5	0.5	1
SRR2979406	1	1	0.25	1	0.25	1	1	1	0.5	0.5	1
SRR2979407	1	1	0.25	1	0.25	1	1	1	0.5	0.5	1
SRR2979408	1	1	0.25	1	0.25	0.5	1	1	0.5	1	1
SRR2979409	1	1	0.25	1	0.25	0.5	1	1	0.5	0.5	1
SRR2979410	1	1	0.25	1	0.25	0.5	1	1	0.5	1	1
SRR2979411	1	1	0.5	1	0.25	1	1	1	0.25	0.5	1
SRR2979412	1	1	0.5	1	0.25	1	1	1	0.25	0.5	1
SRR2979413	1	1	0.5	1	0.25	1	1	1	0.25	0.5	1
SRR2979414	1	1	0.25	1	0.25	1	1	1	0.5	0.5	1
SRR2979415	1	1	0.25	1	0.25	1	1	1	0.5	0.5	1
SRR2979416	1	1	0.25	1	0.25	1	1	1	0.25	1	1
SRR2979417	1	1	0.25	1	0.25	0.5	1	1	0.5	0.5	1
SRR2979418	1	1	0.25	1	0.25	1	1	1	0.25	0.5	1
SRR2979419	1	1	0.25	1	0.25	1	1	1	0.25	0.5	1
SRR2979420	1	1	0.25	1	0.25	1	1	1	0.5	0.5	1
SRR2979421	1	1	0.25	1	0.25	1	1	1	0.5	0.5	1
SRR2979422	1	1	0.25	1	0.25	1	1	1	0.5	1	1
SRR2979423	1	1	0.5	1	0.25	1	1	1	0.25	1	1
SRR2979424	1	1	0.5	1	0.25	1	1	1	0.5	0.5	1
SRR2979425	1	1	0.5	1	0.25	1	1	1	0.25	0.5	1
SRR2979426	1	1	0.25	1	0.25	1	1	1	0.5	0.5	1
SRR2979427	1	1	0.25	1	0.25	0.5	1	1	1	0.5	1
SRR2979428	1	1	0.25	1	0.25	1	1	1	0.25	0.5	1
SRR2979429	1	1	0.25	1	0.25	1	1	1	0.5	0.5	1
SRR2979430	1	1	0.25	1	0.25	1	1	1	0.5	0.5	1
SRR2979431	1	1	0.25	1	0.25	1	1	1	0.25	0.5	1
SRR2979432	1	1	0.25	1	0.25	0.5	1	1	0.5	0.5	1
SRR2979433	1	1	0.25	1	0.25	1	1	1	0.5	0.5	1
SRR2979434	1	1	0.25	1	0.25	1	1	1	0.5	1	1
SRR2979435	1	1	0.5	1	0.25	1	1	1	0.25	0.5	1
SRR2979436	1	1	0.5	1	0.25	1	1	1	0.25	0.5	1
SRR2979437	1	1	0.5	1	0.25	1	1	1	0.25	0.5	1
SRR2979438	1	1	0.25	1	0.25	1	1	1	0.5	0.5	1
SRR2979439	1	1	0.25	1	0.25	1	1	1	0.5	0.5	1
SRR2979440	1	1	0.25	1	0.25	1	1	1	0.5	0.5	1
