Sample	Uniquely mapped	Mapped to multiple loci	Mapped to too many loci	Unmapped: too short	Unmapped: other
SRR2977621	10435794	1880776	64255	108024	45220
SRR2977622	10171149	1817996	62168	103590	43873
SRR2977623	9822421	1824619	60759	73304	42564
SRR2977624	9581595	1735483	59553	66401	42360
SRR2977625	25092722	4158782	174970	240632	124772
SRR2977626	27892426	5003380	175470	225329	112664
SRR2977627	29279666	5248819	204847	224342	140213
SRR2977628	31774038	5884314	155494	219821	87171
SRR2977629	28508908	6156977	164175	213991	91209
SRR2977630	26428879	3490947	83616	200391	44864
SRR2977631	27421568	3622019	80089	179866	41022
SRR2977632	29851273	3758340	94796	204864	53735
SRR2977633	25938380	3638400	70924	185338	29893
SRR2977634	26539816	4245568	77890	149231	31090
SRR2977635	27466233	3747502	74012	175514	34476
SRR2977636	26868519	3935553	139491	186852	68512
SRR2977637	29594693	5545033	152812	290814	67384
SRR2977638	21971476	3417537	93067	163092	54364
SRR2977639	26955441	5770123	117009	200854	52683
SRR2977640	1895546	775926	15317	49076	4935
SRR2977641	2062085	765893	15118	63873	4666
SRR2977642	2464455	819001	17646	65906	5716
SRR2977643	2256695	839000	16233	80462	5109
SRR2977644	2236064	922578	15177	61881	4212
SRR2977645	2126920	745413	14693	78924	4451
SRR2977646	2096316	1065328	13727	58839	3556
SRR2977647	1834644	655625	10108	48265	2809
SRR2977648	2476199	851211	14216	65510	4094
SRR2977649	2228514	839098	11002	77894	2533
SRR2977650	2377271	646617	11136	67984	3430
SRR2977651	2011688	802597	9856	105075	2342
SRR2977652	2305128	725296	11423	164988	3210
SRR2977653	1979671	736327	9581	78205	2250
SRR2977654	2058182	764653	9642	116726	2653
SRR2977655	3810137	835795	69930	374670	66057
SRR2977656	3693669	788599	36017	217969	26651
SRR2977657	5421758	1049208	54254	308918	41969
SRR2977658	2868113	619267	46692	338801	41861
SRR2977659	4444630	891861	56840	403212	49087
SRR2977660	4344677	877197	46009	307098	36493
SRR2977661	4142262	867109	49837	538185	40012
SRR2977662	4380018	896783	63111	392622	55592
SRR2977663	5601216	1099601	57416	524431	47609
SRR2977664	4238318	804975	64192	239069	58415
SRR2977665	4706270	868294	71793	368175	67550
SRR2977666	6239874	1161472	61666	326327	52558
SRR2977667	6176824	1244929	68347	898009	54860
SRR2977668	7051984	1360911	67446	226035	49938
SRR2977669	6459944	1309120	71356	138650	63682
SRR2977670	4965777	1001338	55605	438132	48175
SRR2977671	5703590	1141169	57139	562053	48026
SRR2977672	6724461	1265718	58240	1727171	42222
SRR2977673	8870154	1627862	90578	1469143	78921
SRR2977674	6086056	1065657	68265	810713	63109
SRR2977675	11965196	1820576	111360	911409	92332
SRR2977676	7019773	1252689	66529	924601	52143
SRR2977677	6232436	1188930	59068	875478	47891
SRR2977678	11267198	2482270	77105	865700	33862
SRR2977679	7372271	1521782	62804	619740	42342
SRR2977680	4745623	957917	43179	1220909	32203
SRR2977681	8028658	1349842	68112	472614	52845
SRR2977682	4564849	855410	43139	475444	35240
SRR2977683	6679354	1119268	62713	265458	57352
SRR2977684	7057066	1276880	65993	388023	54800
SRR2977685	7348847	1428441	75844	523353	55636
SRR2977686	7084403	1158918	68351	2085713	61714
SRR2977687	6319297	1166837	59266	1277251	47897
SRR2977688	5884734	1066036	67778	265469	62334
SRR2977689	6501690	1130884	74708	1002407	66652
SRR2977690	5926659	1022049	45495	1460864	37349
SRR2977691	3807469	771089	51121	871191	43255
SRR2977692	6030463	1058427	52082	1610290	40433
SRR2977693	5254627	926971	43385	192229	33543
SRR2977694	5725611	991467	38959	201659	26516
SRR2977695	4786137	921077	55025	599127	44214
SRR2977696	5397979	889945	53334	673238	47332
SRR2977697	6073326	1088747	60182	1363796	46640
SRR2977698	3617307	729856	65616	126942	63471
SRR2977699	5999628	1199940	50616	463543	34824
SRR2977700	5775757	1063124	56341	543498	45666
SRR2977701	5602828	965546	56622	438627	47631
SRR2977702	6755614	1086813	64720	211685	57212
SRR2977703	6500970	1240127	62317	609741	46513
SRR2977704	4560457	813135	52337	1576302	44393
SRR2977705	6098101	1156940	55661	930537	42222
SRR2977706	4107699	722355	35941	146047	27698
SRR2977707	6213132	1007874	56509	1722933	42508
SRR2977708	4799736	821588	49462	254215	42966
SRR2977709	6677970	1261253	67727	421883	56025
SRR2977710	5969300	1061099	56380	792435	41957
SRR2977711	5953550	1053928	62844	190453	55671
SRR2977712	5066366	981227	49184	246966	42118
SRR2977713	5810057	1014919	56649	270185	48994
SRR2977714	5908303	1160969	54871	282598	42501
SRR2977715	7107983	1224240	68341	282665	58633
SRR2977716	5187455	1020962	55083	459707	41238
SRR2977717	5419968	1053567	69433	219432	63376
SRR2977718	6644432	1041105	57698	721799	51071
SRR2977719	6705436	1110352	64027	356997	60606
SRR2977720	6287569	1142861	58649	764538	42336
SRR2977721	6681289	1271837	59902	210399	47855
SRR2977722	5798728	1041678	51949	894199	42283
SRR2977723	6550020	1090096	67185	571535	60908
SRR2977724	4787139	883447	44226	2021275	33416
SRR2977725	5195792	914039	48163	1507475	39305
SRR2977726	6590900	1172232	56799	909468	41220
SRR2977727	4611986	901365	49944	247627	40979
SRR2977728	6615991	1150338	61089	407513	43899
SRR2977729	5488040	1098169	56682	711239	43621
SRR2977730	2264366	435597	23635	258579	17699
SRR2977731	4570461	936118	50076	378065	43003
SRR2977732	5628173	1009935	58514	169342	49075
SRR2977733	5152366	983429	54364	334087	49227
SRR2977734	4527656	833485	46625	502700	41097
SRR2977735	4091990	782604	38302	1490236	28943
SRR2977736	4884970	845563	53088	197705	44001
SRR2977737	6098672	1065345	63756	251034	56539
SRR2977738	6917847	1142490	66087	344478	56276
SRR2977739	1824049	353554	20175	321178	17238
SRR2977740	3713402	648993	39258	847916	31678
SRR2977741	5568164	984342	55119	938497	47836
SRR2977742	7813193	1366821	76230	145834	63447
SRR2977743	5782888	1103564	47140	116045	35380
SRR2977744	5900370	921659	66390	100792	62026
SRR2977745	6134956	1028625	56966	119972	50359
SRR2977746	5297568	868701	62760	98092	62189
SRR2977747	3232154	650986	46722	69830	41979
SRR2977748	6554518	1036882	58540	121288	53210
SRR2977749	5802054	1001981	62507	110538	61253
SRR2977750	5717117	993765	58851	108030	52630
SRR2977751	3475913	657461	40285	75053	35596
SRR2977752	4921728	831484	51248	89059	48685
SRR2977753	3348761	596255	56611	62085	57974
SRR2977754	5281940	1045565	83502	101089	80607
SRR2977755	4407976	791888	55908	80823	51726
SRR2977756	8517784	1529759	84020	148815	71307
SRR2977757	8579387	1445239	82370	146526	74295
SRR2977758	9321330	1375528	85978	149938	89301
SRR2977759	7629308	1320030	65477	139530	53594
SRR2977760	10265407	1702360	85294	176298	73971
SRR2977761	6760276	1243577	58203	130248	50286
SRR2977762	6129969	1077623	79459	109033	78415
SRR2977763	6529236	1120181	59034	126338	56062
SRR2977764	8504411	1366715	70157	140590	67766
SRR2977765	6231952	1030023	66740	102132	64583
SRR2977766	5086205	888148	68359	89296	65732
SRR2977767	6367976	1067643	63639	107968	58962
SRR2977768	8372792	1514651	72908	149497	62036
SRR2977769	6227401	974685	68240	104299	70030
SRR2977770	9470740	1478609	74812	157152	65106
SRR2977771	7219483	1237621	64064	123622	55717
SRR2977772	9656190	1523970	82546	163180	75844
SRR2977773	7230574	1173835	72365	130200	67704
SRR2977774	8185495	1455207	64901	146339	50427
SRR2977775	5413503	935962	63245	96769	61221
SRR2977776	9890203	1584926	85473	167664	73205
SRR2977777	9898600	1407499	88152	144050	87127
SRR2977778	5194382	910747	52707	94672	46705
SRR2977779	7046448	1118114	65113	114161	58759
SRR2977780	3522526	655446	41996	53056	40115
SRR2977781	6392642	1031936	62668	104887	60483
SRR2977782	6121628	993315	58483	102658	54996
SRR2977783	6486934	1119124	62695	120285	55033
SRR2977784	7803232	1222496	72229	125459	70629
SRR2977785	10408941	1810562	90177	190201	78096
SRR2977786	7448442	1311827	68408	124089	67440
SRR2977787	7325535	1210708	68220	134376	57088
SRR2977788	7736690	1153323	69034	116830	68455
SRR2977789	6212763	1070880	81812	96475	79893
SRR2977790	5691628	1050795	56612	107192	47331
SRR2977791	6537799	1219761	57248	114286	47952
SRR2977792	6587619	1104580	62397	116825	53676
SRR2977793	3204663	586546	39381	59934	34080
SRR2977794	5556391	925093	48039	101260	41969
SRR2977795	6056236	1102178	51013	111663	37466
SRR2977796	10097920	1402517	96685	163167	94590
SRR2977797	7519234	1412356	70469	146769	54121
SRR2977798	7127951	1274157	59335	134041	53616
SRR2977799	6282453	1023958	63392	105626	62621
SRR2977800	6422871	1019168	62216	108180	57543
SRR2977801	7963771	1197106	73835	129127	72575
SRR2977802	6482397	1302905	61903	128661	53072
SRR2977803	4263680	753203	44665	82656	36679
SRR2977804	6027583	1164757	54717	120167	40797
SRR2977805	5347393	954039	56095	100182	52043
SRR2977806	6787035	1168736	60168	132222	52560
SRR2977807	5286433	919904	55942	91914	51702
SRR2977808	8819049	1400749	86151	147385	81062
SRR2977809	6190251	1065842	58946	124750	50050
SRR2977810	8508928	1465218	72652	147396	61415
SRR2977811	6908480	1276024	67391	128488	62554
SRR2977812	8643789	1558208	79523	146491	69557
SRR2977813	5040982	862172	67832	85924	68125
SRR2977814	4277177	758734	52216	80792	48996
SRR2977815	6196597	1157837	55426	120125	48658
SRR2977816	5481168	892871	55439	94016	52597
SRR2977817	3404859	616739	22135	74179	14424
SRR2977818	2239412	422706	16836	72918	12982
SRR2977819	2416318	412199	20589	59183	18165
SRR2977820	2367760	440978	18219	65543	15371
SRR2977821	2369329	423504	17594	62292	13554
SRR2977822	5631352	1156285	50096	144564	32983
SRR2977823	3100390	683870	28592	170980	17218
SRR2977824	4557643	787244	31560	101198	23650
SRR2977825	5591066	963491	40753	119407	33056
SRR2977826	5312050	980982	36875	121952	23352
SRR2977827	4053604	636371	34154	90349	34974
SRR2977828	3413674	625485	20925	68190	12811
SRR2977830	3905087	647075	24890	73542	15826
SRR2977831	3783561	713284	24230	84062	15704
SRR2977832	2745256	599302	23867	81222	11406
SRR2977833	7839167	1430325	60313	202363	35485
SRR2977834	6512541	962748	34087	122249	22158
SRR2977835	4758148	671486	45793	169867	41472
SRR2977836	5903078	1066922	41216	138414	26535
SRR2977837	6227066	933607	48785	132389	45856
SRR2977838	7566612	1332786	58147	172624	41319
SRR2977839	3606096	651494	25007	73530	18382
SRR2977840	3330789	550854	21630	75512	15582
SRR2977841	3319447	657202	23984	87314	15577
SRR2977842	3048740	502633	21820	67213	17899
SRR2977843	3085909	498530	19220	67848	15118
SRR2977844	3222432	436354	31487	65390	26837
SRR2977845	6653808	1354295	50073	224557	29109
SRR2977846	5592002	1210152	43273	160100	25390
SRR2977847	5006546	807652	39804	97854	32817
SRR2977848	4800220	801573	39446	141890	33147
SRR2977849	7802682	1146284	65241	145725	66407
SRR2977850	8533903	1280245	55660	160525	44422
SRR2977851	6556655	989626	54764	136181	55251
SRR2977852	6353910	1032389	39831	136335	30297
SRR2977853	5693587	786842	37722	144816	30840
SRR2977854	5377473	995525	38143	143518	22384
SRR2977855	5421870	923978	36333	112872	20878
SRR2977856	4440891	665948	44763	165462	46200
SRR2977857	6049265	903026	39216	213658	41283
SRR2977858	4855510	946571	52366	261816	39334
SRR2977859	6767302	1154566	51427	162413	35911
SRR2977860	6975540	1200532	54170	166072	34563
SRR2977861	7585821	1333596	45029	169366	24718
SRR2977862	6785312	928613	56963	149005	62948
SRR2977863	5873827	948970	37955	132771	31612
SRR2977864	6767424	1318614	47231	208725	40236
SRR2977865	4291414	709478	32481	116447	30535
SRR2977866	4202882	718722	36847	111520	30553
SRR2977867	4462585	867784	32939	112133	21437
SRR2977868	6469659	1077287	52210	187253	50143
SRR2977869	5615982	965288	50773	151627	43712
SRR2977870	5383084	944050	47020	143145	41367
SRR2977871	6193804	1068138	48187	150277	35139
SRR2977872	6235874	1175939	44538	212932	33055
SRR2977873	7388489	1333024	49130	170140	36715
SRR2977874	7998047	1319272	68781	187816	54900
SRR2977875	5957609	988475	46404	156710	42412
SRR2977876	7056616	1100977	61678	180625	49798
SRR2977877	5992465	967359	45984	132247	33598
SRR2977878	5409020	903744	34204	115219	26539
SRR2977879	6638165	1111170	54588	159586	39295
SRR2977880	6462175	1331954	44717	159952	18487
SRR2977881	6729794	1118252	52529	137504	38825
SRR2977882	7283209	1175968	92145	183006	111395
SRR2977883	7984258	1266846	70131	140665	60828
SRR2977884	6390342	724666	63774	124866	76840
SRR2977885	3939020	663495	34587	98661	38315
SRR2977886	5667033	863094	50438	99938	49293
SRR2977887	4054672	447402	48439	82932	50603
SRR2977888	5388169	771164	45731	103625	47045
SRR2977889	4387047	605898	45736	97599	52952
SRR2977890	5041472	771086	47075	107101	52347
SRR2977891	4570056	690150	39649	83141	36172
SRR2977892	4677181	780621	38972	93236	30891
SRR2977893	5066578	707273	48741	84908	54413
SRR2977894	5451811	778876	45768	93945	48903
SRR2977895	5842409	668312	63090	106591	76232
SRR2977896	8166122	1175333	64611	118941	63308
SRR2977897	5673003	753281	47586	84039	48306
SRR2977898	6855391	905481	55415	110251	55126
SRR2977899	7819244	1197691	60345	135977	53651
SRR2977900	6630196	909768	60114	117082	62444
SRR2977901	6099553	961464	45663	108748	43499
SRR2977902	8139336	1118360	68924	144131	70633
SRR2977903	5081780	785052	46223	100602	44241
SRR2977904	6008353	917304	53040	111303	49230
SRR2977905	5917967	638784	63934	103942	74050
SRR2977906	6154692	738405	73808	145485	86427
SRR2977907	7796794	969405	76858	149530	90624
SRR2977908	7195588	1249100	53079	119455	48474
SRR2977909	5904021	599714	54857	114803	64830
SRR2977910	6502840	925727	55323	98412	54928
SRR2977911	6412683	829783	57518	102792	60335
SRR2977912	6044601	923594	56230	108678	57577
SRR2977913	4776730	613179	43691	79631	46219
SRR2977914	7257447	893831	70819	119707	73341
SRR2977915	5957398	807720	54519	102112	62946
SRR2977916	6272120	885323	43665	106500	40396
SRR2977917	6828157	984221	60986	119577	54133
SRR2977918	6403266	767817	78576	160435	95212
SRR2977919	7072281	1160640	64532	157129	77711
SRR2977920	8349857	964248	68708	131486	77740
SRR2977921	6342282	741786	67878	143743	76663
SRR2977922	7627935	952494	63131	129937	64526
SRR2977923	6260799	869621	57216	113928	59537
SRR2977924	6515054	902850	63073	144426	69140
SRR2977925	5804260	769133	46495	112667	44116
SRR2977926	6459921	875561	57507	116028	56876
SRR2977927	5514642	996152	46206	118173	37600
SRR2977928	5907413	771253	59207	158850	73154
SRR2977929	5039239	947257	49000	163593	49328
SRR2977930	2932437	660061	43946	190674	41770
SRR2977931	6968646	1027847	58488	116854	59250
SRR2977932	8944166	1415142	72751	151871	63722
SRR2977933	6142097	836303	68727	133320	77529
SRR2977934	7991533	1318313	62360	136738	57373
SRR2977935	6076991	703878	60469	131555	71757
SRR2977936	6658673	1034014	62302	101591	54764
SRR2977937	5889974	723848	62087	149170	65607
SRR2977938	7975507	1171182	71018	140690	71762
SRR2977939	4952513	832617	53043	181811	56550
SRR2977940	6204107	991382	57962	113441	54867
SRR2977941	6325261	916044	59620	100797	58238
SRR2977942	7173362	848754	68805	127331	79061
SRR2977943	7640327	1201029	59413	130670	54446
SRR2977944	9825304	1476941	84177	142184	85541
SRR2977945	8084148	1148985	73698	131054	75023
SRR2977946	8542987	1072972	74299	129716	88127
SRR2977947	8547336	1234747	71572	131136	64559
SRR2977948	7421075	1179658	64043	174567	52281
SRR2977949	7286495	1215514	59223	130576	52581
SRR2977950	7436365	1149803	66769	125072	59894
SRR2977951	5668419	826693	55120	114882	55762
SRR2977952	6494940	1014687	69916	177483	69586
SRR2977953	5684984	762335	59201	103466	62747
SRR2977954	6889808	1040799	73824	185943	79335
SRR2977955	5955509	879246	61242	160395	62732
SRR2977956	7314809	924240	47787	115479	44674
SRR2977957	6172786	726031	50368	93400	53068
SRR2977958	7865571	908455	61492	98840	62000
SRR2977959	2517454	321512	22248	37705	26598
SRR2977960	7458989	1057887	39286	116368	40816
SRR2977961	4126342	573138	25934	73164	29556
SRR2977962	6846710	890539	38478	116576	35686
SRR2977963	5843870	705992	52206	74978	55389
SRR2977964	9988772	1490457	76628	132701	78681
SRR2977965	8089676	934690	57792	130916	49785
SRR2977966	10647591	1268607	54023	164182	47430
SRR2977967	8437440	907520	55999	104450	64204
SRR2977968	11644619	1263723	82274	136110	85895
SRR2977969	11176606	1162176	91189	182327	98176
SRR2977970	11545806	1435307	81387	170989	78815
SRR2977971	10068852	1024310	67631	120574	83036
SRR2977972	12372217	1438748	57274	174799	49339
SRR2977973	10197687	1360519	47682	130776	48305
SRR2977974	10388026	1715570	78038	292740	77896
SRR2977975	9166638	1062373	64472	141483	67074
SRR2977976	16512158	1918797	101967	161767	122266
SRR2977977	8735616	1082734	67203	122183	69675
SRR2977978	9295709	1062992	72704	120744	77319
SRR2977979	9671233	1128444	65189	150236	66771
SRR2977980	10229157	1263331	76468	138113	81452
SRR2977981	8258423	1037594	57893	116145	64737
SRR2977982	10210491	1036536	67413	110098	82574
SRR2977983	14552816	1561436	86711	171064	92111
SRR2977984	10625454	1321341	69655	144857	78566
SRR2977985	17815397	1873540	93640	199122	98556
SRR2977986	11998646	1295335	91171	146981	100709
SRR2977987	1829029	220281	12888	27609	12435
SRR2977988	6983103	746930	65443	114977	74256
SRR2977989	10181331	1438285	68322	146925	83616
SRR2977991	8615677	1074947	69267	113884	88909
SRR2977992	7303923	989563	53501	111279	68806
SRR2977993	9658441	1322768	62351	159497	69640
SRR2977994	10759574	1546800	64968	160212	60552
SRR2977995	11544620	1512278	72692	170366	89878
SRR2977996	11233669	1504926	86071	187655	78736
SRR2977997	10258938	1348822	62657	202368	65859
SRR2977998	11009911	1299525	76298	162565	75612
SRR2977999	11348922	1298701	77188	158000	81590
SRR2978000	10622294	1084832	72452	128557	79297
SRR2978001	5948996	954963	30537	119171	28374
SRR2978002	10875585	1577715	66039	182907	63953
SRR2978003	11474014	1417162	79623	146746	93864
SRR2978004	10614025	1177227	77010	143640	97771
SRR2978005	9184575	1274494	80747	211714	82514
SRR2978006	12173830	1416945	89265	144889	97521
SRR2978007	9308002	1219483	60529	133802	57190
SRR2978008	10964371	1427254	60089	158447	60843
SRR2978009	8188960	973130	48759	105902	51545
SRR2978010	13388244	1424900	86147	166590	84810
SRR2978011	10263152	982268	78267	115245	87586
SRR2978012	13616997	1330885	94607	173184	108814
SRR2978013	9824735	1136066	98065	215759	103337
SRR2978014	13936591	1532254	99996	165161	104814
SRR2978015	7663369	1109886	68779	249346	66920
SRR2978016	11275732	1544477	86236	199790	76740
SRR2978017	9437668	1552975	70654	182598	63120
SRR2978018	10341354	1264678	77880	193950	92186
SRR2978019	9630362	1251219	73207	169003	71631
SRR2978020	11220373	1454526	80944	190326	84734
SRR2978021	12229866	1458632	77420	194205	78808
SRR2978022	5382458	705856	43186	103839	41285
SRR2978023	5103912	686880	33694	114919	37109
SRR2978024	3705505	545900	33413	78338	36088
SRR2978025	3816221	398135	32560	60502	38303
SRR2978026	4743195	548203	38042	82067	40487
SRR2978027	4667338	540405	35670	82029	35921
SRR2978028	5067694	733682	32505	111239	31697
SRR2978029	4678831	576161	37504	77010	42302
SRR2978030	5762535	712088	44523	112144	42054
SRR2978031	4816385	778976	27416	108529	21937
SRR2978032	9478261	1162985	62152	149745	62302
SRR2978033	8681103	1186402	65415	148414	71158
SRR2978034	6793118	943941	45044	128991	46182
SRR2978035	7133598	1300773	89000	153192	65654
SRR2978036	8409170	1203896	57845	137831	58086
SRR2978037	9901700	1017928	64501	130670	77062
SRR2978038	6761907	876757	50325	102083	45544
SRR2978039	8380160	816622	62755	104006	75641
SRR2978040	10371017	1037588	73831	123794	86422
SRR2978041	11012283	1067399	87984	158630	95426
SRR2978042	8948985	1022430	78984	168273	89815
SRR2978043	3954596	763318	55154	184542	54159
SRR2978044	7742065	933646	54662	135771	51808
SRR2978045	9615455	1175341	54248	146948	47509
SRR2978046	6672324	1033253	44067	159644	52683
SRR2978047	10237489	1360229	78209	164264	79751
SRR2978048	7459291	1024649	55853	159582	55240
SRR2978049	10977419	1417203	65924	161060	83701
SRR2978050	11833018	1202737	81729	139978	99984
SRR2978051	6356719	1051882	39612	125787	38117
SRR2978052	7257540	1098826	49096	134330	57693
SRR2978053	5614836	1047989	51103	148816	52605
SRR2978054	8158957	1052162	59261	138278	66297
SRR2978055	7460961	1105988	53073	167020	45953
SRR2978056	9037785	1132703	68658	119086	68945
SRR2978057	7775084	980706	54127	112489	59394
SRR2978058	9190917	1248908	73173	151697	81766
SRR2978059	7635634	1181611	43694	152920	43433
SRR2978060	3981189	569597	43234	100547	53119
SRR2978061	6841058	830699	56359	106604	58435
SRR2978062	4110457	644337	32865	82744	27908
SRR2978063	4862251	723083	36027	101979	29960
SRR2978064	7415212	1120757	57389	142894	52042
SRR2978065	5416135	979537	36297	140744	19730
SRR2978066	6622811	1065282	46204	132251	36429
SRR2978067	6292431	856852	47353	135656	46448
SRR2978068	7788389	1413346	50642	208649	20865
SRR2978069	8543553	1123024	66544	159327	60743
SRR2978070	10342477	1409120	69676	182144	59106
SRR2978071	7183622	871179	55711	139651	58188
SRR2978072	7067490	920460	47681	133396	47466
SRR2978073	9838179	1303933	70168	172400	67362
SRR2978074	9481251	1216208	83073	161123	88286
SRR2978075	8665895	1147201	63971	141967	59404
SRR2978076	8109554	1046553	57426	159751	54826
SRR2978077	8902475	1140995	74026	180736	73749
SRR2978078	9112829	1200484	66659	164462	61540
SRR2978079	9557249	1197214	70454	171080	66224
SRR2978080	7670707	1211932	54638	181079	39325
SRR2978081	14287155	1877526	107391	242610	101365
SRR2978082	7036387	1072349	51060	150258	31721
SRR2978083	9513542	1467021	64462	176641	49505
SRR2978084	10443386	1312101	75138	167852	71246
SRR2978085	10766511	1500224	73910	187640	70523
SRR2978086	7964855	1097081	50297	154310	48338
SRR2978087	12269004	1485738	98096	198781	106490
SRR2978088	10758935	1253491	81768	175077	87539
SRR2978089	7918612	1131417	62070	144073	51123
SRR2978090	10187748	1341002	74248	174811	66595
SRR2978091	12138516	1615904	98111	203438	89004
SRR2978092	8334474	1095177	67736	148205	63931
SRR2978093	13501972	1681839	93489	221536	92046
SRR2978094	7584691	973576	57263	133255	56479
SRR2978095	12041473	1464258	86408	196697	80341
SRR2978096	12317947	1628334	98140	196506	87495
SRR2978097	6761336	892192	47750	171389	69031
SRR2978098	11488783	1717218	72426	299980	92721
SRR2978099	11798469	1509038	74605	281574	118703
SRR2978100	9042290	1332039	62516	232159	87059
SRR2978101	8334128	1244327	58287	238240	79745
SRR2978102	10473141	1283636	73781	272139	119594
SRR2978103	10107743	1258703	69848	156556	66595
SRR2978104	10763877	1506018	91472	198376	84657
SRR2978105	11460439	1449791	79776	183897	71442
SRR2978106	11258537	1773998	70107	202989	54754
SRR2978107	6946228	960413	63831	121795	59672
SRR2978108	12067001	1635166	81752	188384	80133
SRR2978109	13286884	1612055	94907	329862	142475
SRR2978110	8135108	1229151	58290	203263	78401
SRR2978111	6876026	1184456	65499	691864	98073
SRR2978112	7360383	1092677	57409	477334	78951
SRR2978113	10284462	1657211	71102	754902	92594
SRR2978114	9204178	1219986	73511	983119	104340
SRR2978115	8820701	1484031	60569	399927	36750
SRR2978116	8953163	1256482	71999	942238	58678
SRR2978117	11758902	1645543	93343	866648	89554
SRR2978118	8333501	1287250	62390	411093	52782
SRR2978119	8177238	1573284	55822	714838	43292
SRR2978120	7943042	1052046	70400	393541	65749
SRR2978121	11978327	1656312	85547	1616738	115923
SRR2978122	6174659	863465	47255	496594	70395
SRR2978123	6441026	864745	50012	632834	74167
SRR2978124	8650453	1023002	57965	562968	93482
SRR2978125	9282368	1228180	63984	1235318	97588
SRR2978126	7479934	941825	58933	573250	93256
SRR2978127	7982350	1034714	65692	398930	59030
SRR2978128	8395973	1009363	67733	952832	61845
SRR2978129	11179799	1402148	89893	514555	84875
SRR2978130	8005606	1101992	63222	630711	60115
SRR2978131	10568926	1357519	82191	1488127	74678
SRR2978132	11686705	1365857	90816	706265	89154
SRR2978133	8243335	1488459	56319	402341	40951
SRR2978134	4755915	689457	38975	155970	36298
SRR2978135	6921819	1154367	62263	167068	50121
SRR2978136	5001931	768236	40939	157225	37206
SRR2978137	8174799	1108054	67086	204424	59504
SRR2978138	6834539	947636	52767	172184	44253
SRR2978139	5056377	750563	39694	131698	34277
SRR2978140	6909648	1048747	55983	181050	46908
SRR2978141	8333949	1308156	61519	203111	51773
SRR2978142	6123441	986047	36019	251863	21546
SRR2978143	9032333	1160718	64550	394141	63191
SRR2978144	6682032	922678	48647	259437	42974
SRR2978145	13400636	1927185	106050	275540	96598
SRR2978146	3834568	586465	55704	77303	55676
SRR2978147	9033269	1414738	66451	273563	60792
SRR2978148	9137029	1370568	71353	200488	62856
SRR2978149	9524437	1772191	40628	222513	17384
SRR2978150	8762928	1305076	62708	269416	56609
SRR2978151	10511901	1675718	70570	316746	58049
SRR2978152	7611799	1143661	57272	164657	47687
SRR2978153	10481000	1510729	80390	287734	78473
SRR2978154	6556217	899478	45494	144619	41539
SRR2978155	8101378	1082935	63327	173848	57949
SRR2978156	11651990	1432255	85887	236130	86356
SRR2978157	12153185	2140493	89527	286571	70541
SRR2978158	8353157	1341971	63401	246826	55185
SRR2978159	7905363	1067997	69865	151223	69581
SRR2978160	9717512	1445184	79639	233934	73752
SRR2978161	10986389	1551800	90852	255658	84354
SRR2978162	10737716	1420389	75572	197388	69960
SRR2978163	13861704	1749209	101870	359193	95461
SRR2978164	9999683	1345460	68897	233038	62066
SRR2978165	7949473	1095056	57713	157658	53174
SRR2978166	8609433	1520152	66146	204782	37613
SRR2978167	13755309	1802113	93122	323219	88443
SRR2978168	13091477	1772122	90954	270283	82459
SRR2978169	8856711	1210126	68235	184865	66468
SRR2978170	10141858	1382499	76946	227647	69954
SRR2978171	8459028	1170007	63620	202680	56631
SRR2978172	10676796	1553186	69032	365682	62434
SRR2978173	7836270	1237817	54739	188969	49581
SRR2978174	6370453	894943	48080	135364	41133
SRR2978175	6181079	835280	42864	151380	41285
SRR2978176	8109767	1140405	59975	243345	60596
SRR2978177	6645635	1037258	43718	155938	32454
SRR2978179	7557651	1034742	57569	165578	46928
SRR2978180	8771024	1200157	68157	215390	69380
SRR2978181	11522357	1527991	94894	703256	99070
SRR2978182	5802910	789043	51566	119726	48299
SRR2978183	8990290	1301190	69579	235192	62789
SRR2978184	7292471	858454	51987	152101	52941
SRR2978185	9688863	1280385	77212	271187	76342
SRR2978186	9239069	1220910	76683	200776	71243
SRR2978187	6483513	890096	45811	209509	39906
SRR2978188	6085175	822208	37051	128186	36320
SRR2978189	3456727	558406	36330	93233	33029
SRR2978190	6009663	778528	44272	118249	45480
SRR2978191	6604872	1000707	56605	155014	51933
SRR2978192	6507138	884302	51615	144065	54120
SRR2978193	12085144	1697828	90870	250340	82498
SRR2978194	5575052	803704	45989	171887	45129
SRR2978195	8907307	1313914	80119	194604	69804
SRR2978196	10002109	1164416	81240	436426	89403
SRR2978197	10260677	1484942	83888	223539	73708
SRR2978198	9081460	1275689	69870	208667	57785
SRR2978199	6138981	811697	46421	127345	48204
SRR2978200	6190166	806075	48678	150777	49293
SRR2978201	6715518	933531	41533	151787	43256
SRR2978202	5700270	932248	44565	175188	37935
SRR2978203	6739115	990902	52519	136212	49387
SRR2978204	7696716	1041757	49600	160965	42265
SRR2978205	4846735	668375	38587	195530	37602
SRR2978206	4354071	540146	37950	399170	35947
SRR2978207	4067275	600666	34895	482960	26599
SRR2978208	5367773	733280	41471	320435	40298
SRR2978209	3766186	498036	32115	247419	26526
SRR2978210	9101803	1084937	67775	560302	69630
SRR2978211	6955981	894800	54383	380331	53380
SRR2978212	10531337	1365615	79825	478293	68864
SRR2978213	6880491	1380495	52086	428509	28041
SRR2978214	8062742	980508	60555	256800	59480
SRR2978215	8633592	1393334	58775	182644	44371
SRR2978216	8151938	1056726	55022	137939	55742
SRR2978217	5527636	739188	42996	111128	37473
SRR2978218	9589024	1311032	71009	170454	69527
SRR2978219	7301048	956528	47296	171503	46076
SRR2978220	7675138	1074094	49268	178360	38735
SRR2978221	8604493	1207041	60978	166209	54396
SRR2978222	3622497	656110	40562	68830	31326
SRR2978223	2658854	499709	29639	70218	22312
SRR2978224	4625911	910322	54289	100947	40149
SRR2978225	2982168	571437	31653	61523	23071
SRR2978226	2838234	501325	25793	59254	20326
SRR2978227	3022334	491691	31858	60460	25705
SRR2978228	4200107	694537	52425	96262	44311
SRR2978229	3234367	599218	31885	68606	23397
SRR2978230	2158115	383892	24959	44865	19677
SRR2978231	3341593	577247	32842	69664	24706
SRR2978232	4638040	709313	52039	93487	42041
SRR2978233	3774711	794077	37193	92088	25973
SRR2978234	5707910	1040143	54548	108308	40962
SRR2978235	3443551	620830	36202	74650	29523
SRR2978236	4991045	821434	56437	88134	44967
SRR2978237	5666237	1011368	57054	139740	39431
SRR2978238	4600585	822841	46175	106447	35295
SRR2978239	5491839	890606	58947	98276	48808
SRR2978240	6281809	1045221	69615	111323	53768
SRR2978241	4005360	741161	41252	78301	32788
SRR2978242	4623217	792339	52200	109189	39756
SRR2978243	4513001	826158	41483	94544	32980
SRR2978244	5910756	990975	53633	108685	45463
SRR2978245	5713165	917421	50003	100575	40774
SRR2978246	6902559	1181054	70660	138882	57728
SRR2978247	3575900	561303	39133	71723	33727
SRR2978248	7711052	1322271	70267	170446	54952
SRR2978249	6815785	1012305	70470	136466	60562
SRR2978250	5083634	844616	48719	102793	37323
SRR2978251	4868418	783463	50511	92743	39663
SRR2978252	7601425	1208506	69990	150821	54514
SRR2978253	5885858	1017977	66613	125492	47772
SRR2978254	4487951	726791	48228	81233	40347
SRR2978255	4459301	767115	38962	86974	33286
SRR2978256	7052239	1241718	63072	142215	47120
SRR2978257	7595073	1245488	68492	133140	49244
SRR2978258	5675674	782737	62926	114586	62319
SRR2978259	4002421	677911	39561	76804	31881
SRR2978260	5903807	914829	55301	111704	40747
SRR2978261	5713708	999806	62016	119933	45061
SRR2978262	4824218	657589	48027	90695	45347
SRR2978263	4439498	772796	42200	84616	29991
SRR2978264	6203495	1071403	60571	113530	48118
SRR2978265	5445024	965954	55171	103979	41724
SRR2978266	4188837	689515	43568	77338	40175
SRR2978267	4977318	912503	52392	108281	38932
SRR2978268	4897968	708393	52206	84304	44462
SRR2978269	6332227	983476	58778	117649	42987
SRR2978270	6381794	987182	59639	109509	47150
SRR2978271	3795139	610817	38994	68569	27700
SRR2978272	2853627	575575	45706	138821	47617
SRR2978273	5394436	863305	57111	105212	43892
SRR2978274	5435871	874721	52771	107373	45552
SRR2978275	6460728	920827	58993	114899	55547
SRR2978276	7817327	1496708	68172	149697	44141
SRR2978277	6140946	1121387	57831	135639	41966
SRR2978278	6119095	1009338	61605	110003	48401
SRR2978279	4167920	704804	56191	81398	48536
SRR2978280	6408229	1126858	57616	127145	40314
SRR2978281	7959217	1404450	75754	142723	58825
SRR2978282	7116219	1085560	77948	128811	61863
SRR2978283	4253107	688295	42191	85771	34206
SRR2978284	7540034	1303145	75029	134911	54693
SRR2978285	7845767	1359787	77677	150243	56104
SRR2978286	5861708	923684	61502	104984	50392
SRR2978287	5610270	901039	58011	101624	45091
SRR2978288	7842700	1409877	76525	142608	56092
SRR2978289	5752532	1010867	64476	119138	47655
SRR2978290	4810070	753859	52426	80802	45845
SRR2978291	5366349	862721	51893	103382	43023
SRR2978292	5580419	1067432	63715	125422	49617
SRR2978293	7352199	1252081	76637	133930	56765
SRR2978294	5134730	896951	76422	103137	67290
SRR2978295	4936684	873146	42323	102038	34213
SRR2978296	8057416	1406750	75303	161390	58687
SRR2978297	3466767	565868	36469	86776	25153
SRR2978298	5397643	1361654	70890	150306	43546
SRR2978299	5905617	1002158	65804	123185	50555
SRR2978300	7174110	1178613	74584	145834	63857
SRR2978301	6554563	1175889	60765	124159	46161
SRR2978302	6177586	976517	71622	116746	50984
SRR2978303	3195825	730007	59909	92310	56711
SRR2978304	6487448	1197362	83684	163301	72845
SRR2978305	5423978	1003754	74346	133482	66405
SRR2978306	5092009	1012185	57581	109189	39763
SRR2978307	4486926	788425	40365	93325	29300
SRR2978308	7813518	1252712	77483	147087	62770
SRR2978309	5350775	774228	53153	2219700	47300
SRR2978310	5127063	777703	55661	855138	47355
SRR2978311	3104165	453699	31494	877640	25165
SRR2978312	5762135	911073	54968	3676195	47037
SRR2978313	5158851	714551	56046	1157281	52831
SRR2978314	5099991	757167	48215	1414820	38278
SRR2978315	3639392	601991	36501	947220	29945
SRR2978316	6539806	1226382	69549	981047	51401
SRR2978317	6558260	1020091	62782	950508	49254
SRR2978318	3634890	578830	39082	1721718	35456
SRR2978319	3257354	494535	28397	228961	26248
SRR2978320	5556396	798318	58211	1113822	55350
SRR2978321	3266841	551101	38237	376132	35009
SRR2978322	3178939	479958	30656	437134	30333
SRR2978323	3432248	463856	33890	631645	33559
SRR2978324	5113027	789766	44846	716841	33466
SRR2978325	4258929	677460	39350	934587	29094
SRR2978326	2993602	491916	32901	808263	28307
SRR2978327	3918584	622797	37801	916628	28731
SRR2978328	4605509	674020	44309	763036	41030
SRR2978329	5201483	657349	50825	806874	47344
SRR2978330	4521242	648420	44995	1023640	41448
SRR2978331	3768335	534045	39049	886427	37899
SRR2978332	5307726	829184	45726	2238578	40624
SRR2978333	4849219	670398	51167	1398327	54781
SRR2978334	5817618	807745	55704	1303934	43357
SRR2978335	5023963	763056	42969	1459598	35886
SRR2978336	7598518	1129796	69530	705250	58372
SRR2978337	4084793	577916	42868	710214	39275
SRR2978338	4977836	737042	49322	1736592	43773
SRR2978339	4038748	609158	44432	1181376	39024
SRR2978340	4397336	661910	43885	817554	36945
SRR2978341	4902894	721622	57271	513025	56864
SRR2978342	6202082	903465	58275	577034	52174
SRR2978343	4486513	667415	43470	469646	41087
SRR2978344	7169965	1054366	71729	604011	66414
SRR2978345	4476697	714809	43405	429868	41674
SRR2978346	5084364	685616	40406	909913	39885
SRR2978347	4423571	710266	37249	1366746	33512
SRR2978348	4681415	593523	63811	1854553	66778
SRR2978349	5410578	797274	54232	1079939	48014
SRR2978350	6104180	856380	60572	893101	56566
SRR2978351	4777155	741021	49166	1560880	41585
SRR2978352	7014335	1004185	61273	826097	55551
SRR2978353	7231524	1139069	63644	2311914	51832
SRR2978355	4241426	600632	42394	770567	39297
SRR2978356	3502321	647667	32397	893508	26024
SRR2978357	4479518	694359	42309	394516	31042
SRR2978358	3556694	561527	33819	861930	28243
SRR2978359	3826412	543185	40007	760735	34342
SRR2978360	3354057	527517	30253	583679	26223
SRR2978361	6702640	1024780	50438	1167639	39551
SRR2978362	2704687	279412	35537	4020084	38934
SRR2978363	5335693	891287	48967	498205	37485
SRR2978364	4721424	785263	46235	805091	34531
SRR2978365	4099808	609384	44210	864228	37305
SRR2978366	5609668	693998	50808	965191	44910
SRR2978367	4047945	592456	38608	828553	33785
SRR2978368	2919167	444893	25504	216259	19957
SRR2978369	4639582	719440	53057	287266	45963
SRR2978370	3517663	494085	39140	403740	34581
SRR2978371	3399367	475081	37224	490245	31471
SRR2978372	4301618	672703	34302	780712	27924
SRR2978373	5412510	928287	51069	1022728	39508
SRR2978374	4835653	743105	47839	357298	42177
SRR2978375	4246458	568625	47000	1197822	46399
SRR2978376	3856205	590039	45975	782419	39865
SRR2978377	4275794	597571	52503	714686	51252
SRR2978378	6437662	1070606	57046	1114214	39233
SRR2978379	5280089	842899	52300	866840	41076
SRR2978380	2890196	424892	35843	569269	31209
SRR2978381	3410242	396967	46326	2349659	46243
SRR2978382	6265375	849868	68650	527439	63013
SRR2978383	4303271	745828	44744	746542	34682
SRR2978384	4421908	740533	40158	431159	31728
SRR2978385	6385465	858110	72829	1142259	82017
SRR2978386	5359880	875373	51965	1506882	44689
SRR2978387	4954672	727609	52281	873157	48583
SRR2978388	5220653	869910	57052	490647	46123
SRR2978389	7595869	1099719	80380	1051752	67280
SRR2978390	7909500	1070336	82224	1196906	69191
SRR2978391	3628291	501557	34337	941448	31861
SRR2978392	3202705	457831	39792	651979	36880
SRR2978393	4049793	693877	43144	414511	37731
SRR2978394	4747144	724045	57890	1099978	55500
SRR2978395	5780067	1030778	54018	759458	39850
SRR2978396	6056646	1135577	49436	400161	29131
SRR2978397	4546040	822715	41232	300854	26361
SRR2978398	6861299	1156561	68944	230235	60280
SRR2978399	4594786	674140	42720	137362	35714
SRR2978400	6441671	1125377	49240	222012	35428
SRR2978401	5703170	918539	46288	206265	40146
SRR2978402	3756567	485624	40159	427711	39445
SRR2978403	3858526	566550	40715	153763	41004
SRR2978404	3800431	333144	37788	104718	43704
SRR2978405	4120915	707678	30328	129614	22520
SRR2978406	4230960	586915	36083	134835	34212
SRR2978407	4618629	665128	42092	151169	36413
SRR2978408	8189696	1261264	62794	410702	54960
SRR2978409	6659143	889757	55414	318244	53440
SRR2978410	7608611	1063876	68930	372520	67898
SRR2978411	6886746	1119169	59319	305209	49744
SRR2978412	7279005	1072413	61063	331741	60716
SRR2978413	6665412	1013825	59698	183188	53364
SRR2978414	4804979	819753	39287	180686	32959
SRR2978415	3750012	822037	21746	366445	11933
SRR2978416	2757025	475137	39361	85667	38074
SRR2978417	3193565	441521	35330	162934	32897
SRR2978418	3795033	592874	35956	262657	33541
SRR2978419	4457666	817134	31279	170700	22504
SRR2978420	7487130	942294	70823	176926	77953
SRR2978421	6032054	860984	51885	241093	52128
SRR2978422	6750363	1045076	51749	202894	42842
SRR2978423	6114736	908760	58397	251889	53185
SRR2978424	6460007	857523	56675	261221	52398
SRR2978425	5920621	1035483	47201	294733	35925
SRR2978426	4146645	655266	37535	162902	33687
SRR2978427	3925096	576998	35866	121739	32432
SRR2978428	3808588	736700	30505	159831	15222
SRR2978429	3876400	470794	37637	108751	38516
SRR2978430	4643207	694064	42070	270583	37518
SRR2978431	4792139	791486	34988	116438	27669
SRR2978432	6927858	1121035	53888	188018	40946
SRR2978433	6778477	1000070	52820	304385	45003
SRR2978434	6167365	759134	56723	251268	59895
SRR2978435	6083700	894981	51071	365140	41645
SRR2978436	5656248	1003007	33459	301607	23848
SRR2978437	7889474	1155473	66678	323596	62631
SRR2978438	9442003	983031	75689	311870	79326
SRR2978439	8124740	1158065	67164	419687	55041
SRR2978440	7409610	1003844	74178	259651	76575
SRR2978441	6857346	1014184	65061	190968	57373
SRR2978442	9736718	1462172	77934	421931	69343
SRR2978443	6914791	1106726	59119	231267	45085
SRR2978444	8845930	1672795	74554	779883	39965
SRR2978445	7702363	1130222	68133	288662	68465
SRR2978446	4863880	827579	71490	269777	66529
SRR2978447	9112335	1367075	85842	494009	72321
SRR2978448	8363990	1254152	72088	412342	62969
SRR2978449	6879881	1046048	59616	266852	50710
SRR2978450	7290904	1300105	57489	359915	42503
SRR2978451	8504541	1283066	80157	320465	73717
SRR2978452	9365327	1412789	72307	409228	58947
SRR2978453	10639860	1667495	100128	554372	82178
SRR2978454	7448533	1126977	63759	256684	56345
SRR2978455	9120480	1461023	85286	198572	77893
SRR2978456	9932604	1441332	91395	332813	79637
SRR2978457	8636000	1216610	92198	256089	90506
SRR2978458	8444507	1209343	77447	226967	73313
SRR2978459	9441581	1360176	76996	537923	73405
SRR2978460	7277540	989266	66049	359537	55986
SRR2978461	6857089	837005	53402	188796	57599
SRR2978462	7969392	1345854	66176	190818	46259
SRR2978463	9244927	1378206	89795	318138	91215
SRR2978464	10011308	1292280	93468	222395	95981
SRR2978465	2816730	381885	21615	140206	20946
SRR2978466	1706883	263348	13061	117112	11395
SRR2978467	1741769	288633	12605	110218	10610
SRR2978468	988656	170745	9114	93700	7999
SRR2978469	1980621	311770	17546	105741	14099
SRR2978470	1759223	308912	13660	111927	11016
SRR2978471	2239227	374026	15994	138987	13065
SRR2978472	1595575	262330	14456	118229	12825
SRR2978473	1406360	224946	10582	79685	8470
SRR2978474	1479365	263516	13373	158073	11167
SRR2978475	2034104	318603	15136	94975	12399
SRR2978476	3241837	371089	22487	321683	23887
SRR2978477	3472336	408307	18348	361145	17523
SRR2978478	1901253	290079	14175	124719	11018
SRR2978479	1719685	308736	13818	91113	10505
SRR2978480	1698435	269554	12579	181911	10649
SRR2978481	1806148	271401	11831	76066	10649
SRR2978482	2621221	339709	17936	199132	16301
SRR2978483	917790	162066	7367	130141	6611
SRR2978484	1157305	170936	13112	76238	13016
SRR2978485	632245	94761	4993	83942	4185
SRR2978486	1314124	159353	8854	126181	8736
SRR2978487	2691825	327203	14712	187543	11317
SRR2978488	2780019	342589	18924	341235	18199
SRR2978489	1455219	199283	9966	165929	9198
SRR2978490	1618021	245317	12605	81958	10836
SRR2978491	1684528	219626	14450	194483	14469
SRR2978492	1478076	224849	12321	97139	10571
SRR2978493	1586969	230572	10580	188873	9525
SRR2978494	2022992	297922	13079	169456	10560
SRR2978495	1174843	192729	10058	129942	8643
SRR2978496	1311866	201124	8537	69101	6703
SRR2978497	843563	143377	6578	444286	5629
SRR2978498	1949759	271703	12934	180640	11169
SRR2978499	2206907	288070	11745	364933	9505
SRR2978500	3052531	364621	20176	194882	19013
SRR2978501	1458813	259609	11118	113256	8883
SRR2978502	1809382	246180	12565	124291	10358
SRR2978503	1399897	223611	10490	134855	8718
SRR2978504	1360122	221664	10149	119960	8433
SRR2978505	1883726	258854	14449	132383	11742
SRR2978506	1161466	219165	10937	93236	8666
SRR2978507	1188147	196976	10662	144944	8991
SRR2978508	1255685	211449	11105	110780	10566
SRR2978509	1494779	232333	11806	131789	10340
SRR2978510	2374112	317121	15303	149101	12903
SRR2978512	1450152	193948	11150	70942	10780
SRR2978513	1272368	189246	15698	351262	16050
SRR2978514	1143148	194104	10068	196495	8692
SRR2978515	1446352	216478	11642	142605	10056
SRR2978516	1365495	228141	10437	171253	9098
SRR2978517	1834617	293882	13469	128177	10263
SRR2978518	1030731	200133	11915	71315	9923
SRR2978519	804531	181099	7988	160643	5219
SRR2978520	1115744	188704	9959	213465	8760
SRR2978521	1716086	275615	11010	144874	8408
SRR2978522	1760894	267985	13442	243636	11262
SRR2978523	3369109	498217	22098	219278	17344
SRR2978524	1710217	237658	11342	87985	9456
SRR2978525	1513024	248423	11457	100388	8475
SRR2978526	1796213	320312	15193	122292	13159
SRR2978527	1970051	288397	16061	189091	15613
SRR2978528	2369050	301693	13059	170773	12321
SRR2978529	2377573	327957	18469	179709	17240
SRR2978530	1093920	233713	11431	160090	8902
SRR2978531	1207966	221543	9355	102002	6810
SRR2978532	1249138	223509	11698	69603	10479
SRR2978533	2058682	319631	13690	221303	10488
SRR2978534	2356885	338048	17833	235624	17190
SRR2978535	3447677	534311	20429	195499	14747
SRR2978536	1963565	296315	10501	108054	7871
SRR2978537	2145445	314908	15412	145714	14492
SRR2978538	165845	28058	1493	10170	1344
SRR2978539	1829536	306058	11186	310012	6895
SRR2978540	2138007	260857	12296	154738	10832
SRR2978541	1726139	227672	9328	135393	7370
SRR2978542	1352992	199555	10018	102255	8870
SRR2978543	1046864	218206	8746	102913	7054
SRR2978544	1412338	210717	10285	130583	10290
SRR2978545	2393637	322439	15249	159399	11904
SRR2978546	2810690	381871	15751	188074	12971
SRR2978547	712342	103555	5024	82367	4813
SRR2978548	1545095	232459	10089	123167	7674
SRR2978549	2236939	315959	16003	220511	14290
SRR2978550	2941063	327473	17770	171215	18407
SRR2978551	2127839	347882	14243	140515	10301
SRR2978552	373376	55407	2440	65505	2095
SRR2978553	2299871	318675	15882	139860	11701
SRR2978554	1540962	256293	12205	107029	10202
SRR2978555	801450	123621	6572	70771	6049
SRR2978556	2072044	350717	16104	125673	13419
SRR2978557	1929877	309104	13990	119364	11913
SRR2978558	1158069	280728	9724	620195	3730
SRR2978559	1402022	279873	9606	586632	3880
SRR2978560	2126395	385925	12981	232792	8581
SRR2978561	293305	62278	1584	1590718	1169
SRR2978562	1223857	240375	6711	291111	4772
SRR2978563	252227	35868	1477	1400014	1353
SRR2978564	1483026	277767	9476	246457	5868
SRR2978565	1048690	210038	6473	493815	3879
SRR2978566	1060047	225257	6805	400564	3732
SRR2978567	1114846	256860	7764	167481	3722
SRR2978568	1109195	195732	6412	805650	3817
SRR2978569	2194553	373390	13245	380829	7124
SRR2978570	2191261	422971	14296	397208	5155
SRR2978571	1235192	230290	6554	888441	3783
SRR2978572	1569397	274959	8788	423651	4335
SRR2978573	1425141	298535	8538	400030	4488
SRR2978574	1141998	239740	6694	629817	4247
SRR2978575	461034	95318	2795	1636949	1538
SRR2978576	1793141	337436	9924	215694	4961
SRR2978577	502026	94599	2857	1407461	1406
SRR2978578	233573	49198	1554	692955	782
SRR2978579	665793	132953	4531	725970	2451
SRR2978580	1474816	243406	6010	705699	3407
SRR2978581	1879018	366105	12210	372693	5271
SRR2978582	482017	81062	2560	1283698	1481
SRR2978583	443659	91665	3420	1431291	2367
SRR2978584	758961	155508	5823	692486	2908
SRR2978585	763097	152406	4973	584664	2261
SRR2978586	508833	99168	3147	1119723	1386
SRR2978587	636528	136186	4515	337015	2904
SRR2978588	232677	48247	1657	1149133	716
SRR2978589	191098	46310	1469	1379507	810
SRR2978590	1462585	257724	7814	418055	7754
SRR2978591	1595953	296144	9631	193036	5461
SRR2978592	155325	32831	1011	1732779	577
SRR2978593	450498	102503	3230	928540	1784
SRR2978594	904555	202795	5789	201211	2765
SRR2978595	632689	123064	3801	1107828	1869
SRR2978596	205429	44781	1412	1597549	740
SRR2978597	669528	123956	4385	762281	3440
SRR2978598	867420	163334	5378	547723	3969
SRR2978599	1035566	213261	5772	432063	3210
SRR2978600	1598981	331106	10583	102314	5320
SRR2978601	1215721	253147	8281	256995	3997
SRR2978602	1405692	321358	8698	91054	4214
SRR2978603	1373958	302690	8023	110587	4503
SRR2978604	1625283	323652	9950	73873	5714
SRR2978605	1456147	308725	9393	93148	4686
SRR2978606	1096920	240834	6089	114150	2777
SRR2978607	1159297	254299	9012	184843	5807
SRR2978608	1556696	339535	9286	124299	4882
SRR2978609	1938291	388999	12944	87819	7298
SRR2978610	2649855	561604	18734	132841	5732
SRR2978611	1707683	345488	9137	128828	3950
SRR2978612	1352437	291424	7560	277498	3672
SRR2978613	2042920	392697	12178	89589	5854
SRR2978614	2096597	412575	11383	153776	5358
SRR2978615	1630796	333790	7931	123286	4201
SRR2978616	2077822	374401	14837	166202	8720
SRR2978617	1223940	251422	7110	219838	3411
SRR2978618	1119329	244625	6560	106914	3258
SRR2978619	1171985	238881	6776	79846	2852
SRR2978620	1481046	316227	9743	262833	5190
SRR2978621	2006915	368943	9948	145370	3805
SRR2978622	2177007	478672	13469	152017	4803
SRR2978623	2099763	388104	10237	76258	4912
SRR2978624	2078891	356577	12680	177942	7370
SRR2978625	192979	42650	1516	22672	782
SRR2978626	1869202	361207	8586	209311	4172
SRR2978627	1908477	372958	9450	144097	3657
SRR2978628	1933858	373223	10728	109239	4866
SRR2978629	1279076	258264	7738	186255	3642
SRR2978630	1422158	245558	7779	32731	4456
SRR2978631	1232059	277054	7442	139805	3487
SRR2978632	1717448	370667	10801	115043	5330
SRR2978633	2341484	463343	13407	91381	4671
SRR2978634	320348	71535	2117	20309	1038
SRR2978635	1607494	315048	10485	57379	4998
SRR2978636	2723775	428763	16100	77100	9109
SRR2978637	2591569	487931	14611	242842	5011
SRR2978638	2881787	525812	17332	111448	9228
SRR2978639	538052	100737	2772	53495	1602
SRR2978640	2483016	452797	14140	206081	7597
SRR2978641	1890276	388899	9042	99370	3822
SRR2978642	2198765	411911	9740	180017	4767
SRR2978643	1083460	204374	6864	190704	3424
SRR2978644	2656347	505690	12933	191105	6404
SRR2978645	2670455	428030	16541	73573	8957
SRR2978646	2347390	471404	16900	138056	8349
SRR2978647	1531813	291779	9422	119174	5675
SRR2978648	2197161	446804	12441	161300	6497
SRR2978649	1869862	390345	9930	84493	5192
SRR2978650	2087980	367828	12400	118001	8299
SRR2978651	1903964	359301	9743	240317	5794
SRR2978652	2001623	378258	10192	273995	5608
SRR2978653	1818824	352866	10130	260089	5872
SRR2978654	1650795	331645	10043	166715	4108
SRR2978655	1602740	321715	9575	189464	5535
SRR2978656	2395639	435276	14600	114804	7416
SRR2978657	2608040	518083	14548	132848	7216
SRR2978658	2741990	446571	13671	242415	8991
SRR2978659	2209536	408960	12351	142384	5840
SRR2978660	1526896	331936	14821	512776	8866
SRR2978661	976987	247641	10176	418394	6973
SRR2978662	771834	204205	7869	373446	4222
SRR2978663	856489	207570	7753	295593	4940
SRR2978664	1518377	344224	12079	337726	7327
SRR2978665	1334856	333781	16191	464241	10801
SRR2978666	1853665	408932	16181	246265	7347
SRR2978667	734100	232751	9760	655563	6226
SRR2978668	1487211	339274	12553	258323	8000
SRR2978669	1433018	340827	10684	206751	6193
SRR2978670	1189216	332333	12952	223638	7237
SRR2978671	1312570	325329	10675	336172	6572
SRR2978672	1107335	291450	12236	320867	6783
SRR2978673	1029496	261075	9971	169142	6347
SRR2978675	987396	274306	12053	285161	7521
SRR2978676	892655	277365	12269	452272	6892
SRR2978677	1837518	421020	16961	270831	8432
SRR2978678	1332980	325002	11074	213648	6045
SRR2978679	1373774	320265	14507	230668	10334
SRR2978680	981441	312762	12791	301106	10193
SRR2978681	1533742	361044	12842	185618	8198
SRR2978682	844369	249821	11999	245087	7884
SRR2978683	1253492	328717	11504	218325	6181
SRR2978684	1290143	319715	11658	317214	8179
SRR2978685	1217413	342842	13545	299797	8469
SRR2978686	1022858	300571	13913	184388	9801
SRR2978687	864079	225749	8628	193976	5713
SRR2978688	1041378	271809	12005	163081	7175
SRR2978689	1213980	381891	14042	424167	8373
SRR2978690	1348449	320761	13609	286742	9301
SRR2978691	2193811	461717	16568	189035	9466
SRR2978692	1281641	279364	12360	160927	7315
SRR2978693	1502701	364581	12793	264475	7969
SRR2978694	1476042	381449	15030	256137	9186
SRR2978695	1908093	423279	13597	190235	7630
SRR2978696	1752571	403970	18247	188470	9257
SRR2978697	241986	66210	2572	53529	1060
SRR2978698	1170103	305927	11885	169653	6986
SRR2978699	1202080	230519	12377	182519	10650
SRR2978700	1366828	317201	14325	222983	8680
SRR2978701	1355882	360367	14029	166478	7429
SRR2978702	1716821	410282	15410	193323	9373
SRR2978703	2028459	473441	16709	369041	9269
SRR2978704	1513342	304559	12917	212743	8411
SRR2978705	1619800	345714	12756	268887	8339
SRR2978706	182204	37910	1494	50473	983
SRR2978707	1821598	371284	17572	206927	10189
SRR2978708	2115036	464293	17620	295818	8991
SRR2978709	1749175	367062	19877	240654	11937
SRR2978710	1363919	189901	15295	239614	14041
SRR2978711	1083039	275353	8962	110669	4741
SRR2978712	1237014	371506	14710	218739	6841
SRR2978713	1694975	386368	14197	113879	7769
SRR2978714	1936585	510898	17654	239023	9225
SRR2978715	633263	154157	5119	145236	2162
SRR2978716	1032862	287255	11789	183121	5015
SRR2978717	1995555	481360	17212	207811	7315
SRR2978718	1535068	457360	17164	320810	9360
SRR2978719	1988585	401430	13737	168008	8517
SRR2978720	376695	76943	4157	69005	3235
SRR2978721	1906083	444941	16139	184151	7161
SRR2978722	1301713	322070	11616	190665	6967
SRR2978723	1481077	346891	12539	122908	6905
SRR2978724	653663	193732	8569	50750	5933
SRR2978725	1804628	379437	15496	142241	12481
SRR2978726	1910736	501268	18954	161303	8325
SRR2978727	2281291	299675	18943	134587	17615
SRR2978728	1246817	212954	9045	99187	5973
SRR2978729	1490452	222270	13905	96331	13052
SRR2978730	1181819	146181	14864	103925	16248
SRR2978731	1195049	227666	9912	109670	6196
SRR2978732	1300666	226574	10105	94967	7204
SRR2978733	1185170	225867	10164	84137	7566
SRR2978734	1208307	230276	11741	72664	8278
SRR2978735	1008773	152358	16355	61317	17340
SRR2978736	1521189	229258	13550	170106	12067
SRR2978737	2519991	281033	18138	145877	17899
SRR2978738	3103207	349589	19747	292086	18918
SRR2978739	2716536	380143	14911	186402	12581
SRR2978740	1902605	274903	10302	159407	7064
SRR2978741	1802552	275490	10603	122180	7317
SRR2978742	1379380	219178	10830	104398	8786
SRR2978743	1570546	202121	12903	76128	11813
SRR2978744	1440551	203658	10237	71641	7632
SRR2978745	2177608	221511	18842	224335	21048
SRR2978746	965121	114365	8116	60897	8451
SRR2978747	744637	93794	6759	55041	6529
SRR2978748	2125902	265414	9672	119161	7337
SRR2978749	1991078	258263	11502	127104	8633
SRR2978750	3032678	292986	24646	198039	23593
SRR2978751	1405475	177350	9445	77405	8563
SRR2978752	1817861	260867	11381	171398	8627
SRR2978753	1535096	282019	8671	149522	5347
SRR2978754	1614981	208926	10343	118341	9224
SRR2978755	1662473	259950	11743	141202	9177
SRR2978756	2186281	273715	12740	153824	11346
SRR2978757	1567318	203717	9839	100543	7357
SRR2978758	1123450	151720	9363	102271	9069
SRR2978759	1998889	204030	15121	81499	15512
SRR2978760	2209990	269942	12191	239541	10141
SRR2978761	2597720	311607	13025	298066	9698
SRR2978762	1582305	224757	10845	121078	8954
SRR2978763	1080245	169462	10251	74161	9136
SRR2978764	1289016	203427	9171	90124	8644
SRR2978765	1534037	222807	10766	150918	9650
SRR2978766	1915057	248464	12914	99075	11212
SRR2978767	1292350	177030	13591	175730	12528
SRR2978768	1717736	189575	14339	175050	14992
SRR2978769	1522000	237092	11937	94367	9924
SRR2978770	1490279	231374	10436	85751	8410
SRR2978771	1723724	324353	9834	167275	6691
SRR2978772	2148628	267796	16939	180325	17638
SRR2978773	1461485	193341	11426	108280	10346
SRR2978774	1541120	181064	19367	449669	20339
SRR2978775	1152017	152394	12383	145670	12827
SRR2978776	1213508	229556	10804	164289	8458
SRR2978777	1389165	223183	10502	92332	9147
SRR2978778	1731990	276742	14711	159333	12290
SRR2978779	1192937	208669	14428	88297	14589
SRR2978780	1205950	188483	10936	110112	10232
SRR2978781	967814	220669	9453	273004	6352
SRR2978782	1423830	286957	11714	159482	8513
SRR2978783	1538276	278282	14664	215661	12153
SRR2978784	2764871	445841	19541	455938	14063
SRR2978785	1822235	297402	11552	169857	8308
SRR2978786	1431003	252809	13212	199885	11264
SRR2978787	1665471	216119	21759	236116	23136
SRR2978788	1838895	319318	11805	184770	8979
SRR2978789	1475123	265801	10401	512919	6815
SRR2978790	2288999	321398	17168	373849	14785
SRR2978791	1422774	222571	11512	147867	10354
SRR2978792	1210470	226217	11993	231167	10139
SRR2978793	2130877	278598	15417	214871	14855
SRR2978794	2599243	366486	19151	260764	17297
SRR2978795	3743950	433479	25444	365116	25719
SRR2978796	2638890	316682	18298	315099	14863
SRR2978797	2656353	345285	19199	173648	19259
SRR2978798	239183	31736	2179	27391	2240
SRR2978799	2385784	269420	18017	195048	17889
SRR2978800	2748322	275889	22447	267996	22000
SRR2978801	2475911	318451	16265	371564	14070
SRR2978802	1654145	241539	15744	151040	14751
SRR2978803	1379587	185924	11547	241513	11344
SRR2978804	1595959	230873	13928	175705	12782
SRR2978805	2419067	289587	18111	257151	17724
SRR2978806	3171256	368151	23707	289373	25213
SRR2978807	262361	58625	2916	120335	2412
SRR2978808	1722661	188071	12957	163649	14075
SRR2978809	2952385	307267	22022	346864	22272
SRR2978810	3071615	365286	23689	213476	25528
SRR2978811	2904040	356921	23688	173369	23673
SRR2978812	507865	51355	3483	123185	3862
SRR2978813	2357581	387771	16814	449236	11279
SRR2978814	2048349	283073	17903	125516	17931
SRR2978815	2264351	270708	18780	126103	18053
SRR2978816	1244326	162966	10516	126736	11677
SRR2978817	2609480	341431	19443	194777	18777
SRR2978818	2942653	350173	19494	296291	19607
SRR2978819	1771222	235970	25153	95702	28236
SRR2978820	1522778	212137	15895	118268	15467
SRR2978821	2295762	274354	18936	267553	19563
SRR2978822	2096715	265143	19813	214417	21991
SRR2978823	1904516	284780	19421	252153	18100
SRR2978824	2077247	299441	16550	291012	15657
SRR2978825	2173115	318362	22263	201375	20520
SRR2978826	2141280	268647	19704	242388	19930
SRR2978827	1607334	252662	14818	132550	13538
SRR2978828	1938171	264155	16772	174519	18320
SRR2978829	1981553	252806	18939	371482	20373
SRR2978830	2606901	348095	23971	237098	23645
SRR2978831	2734773	377703	20942	151987	19494
SRR2978832	2458365	321294	19829	154875	19322
SRR2978833	3177225	356386	35147	199966	42278
SRR2978834	2759328	356147	28351	186025	30556
SRR2978835	2265837	293421	27112	181294	29656
SRR2978836	2234779	320286	21587	138810	20534
SRR2978837	2520204	242501	19289	779113	21861
SRR2978838	1481374	258703	10946	109704	6915
SRR2978839	1828441	303525	12420	320922	8660
SRR2978840	1047440	182011	8397	107120	5673
SRR2978841	1443003	245028	14689	147108	13797
SRR2978842	2327764	379148	13745	188687	8457
SRR2978843	2492740	385719	16051	277847	11458
SRR2978844	1591473	291444	10286	258424	5393
SRR2978845	2427360	391901	16331	368359	12868
SRR2978846	2470435	404698	15158	200986	9925
SRR2978847	2313781	386084	15532	259952	10446
SRR2978848	2447597	410234	14238	264659	9756
SRR2978849	2456622	396742	20248	222763	16178
SRR2978850	1698183	284421	15036	198713	13041
SRR2978851	1569597	235793	11506	161595	8547
SRR2978852	1451449	253098	11319	164543	8690
SRR2978853	1995812	274943	28229	207337	31469
SRR2978854	2081356	304509	14385	267714	12059
SRR2978855	2415873	346983	16616	221990	14157
SRR2978856	1744156	294188	13216	127666	10949
SRR2978857	2598064	344151	18948	251454	17431
SRR2978858	2026295	307679	16127	190638	15865
SRR2978860	1691913	271618	13281	234633	10887
SRR2978861	2006006	308763	19738	113105	18769
SRR2978862	1951215	330643	13821	202716	8781
SRR2978863	1867897	312895	17440	137637	15293
SRR2978864	1590673	259769	13900	117377	11758
SRR2978865	1505844	270439	11904	160746	8811
SRR2978866	1807905	295606	16946	125014	13991
SRR2978867	1934259	302034	15589	177091	13435
SRR2978868	1920759	330565	15872	222062	12754
SRR2978869	1756549	299003	14554	174534	11741
SRR2978870	2041546	337544	18510	195593	16691
SRR2978871	1553759	272671	14575	150205	12818
SRR2978872	2142411	306956	17571	152534	16362
SRR2978873	1777979	302229	16807	198648	15938
SRR2978874	2108010	294255	22370	297912	22515
SRR2978875	1420934	258558	11060	327514	7904
SRR2978876	1352324	235985	11012	144525	7883
SRR2978877	1290124	255877	12815	134885	10219
SRR2978878	2022580	308173	15864	401480	14092
SRR2978879	1562814	264777	15353	120708	14050
SRR2978880	1660446	280925	12895	152914	9319
SRR2978881	2038347	352790	14952	284224	10537
SRR2978882	2449878	359208	18284	191293	17004
SRR2978883	2353408	351023	17765	232840	15740
SRR2978884	2642451	356714	19796	322401	19835
SRR2978885	2772044	434673	20201	222857	16636
SRR2978886	1963319	279248	19388	263583	16776
SRR2978887	1714423	202002	15456	162942	16463
SRR2978888	1644431	280466	13775	203808	10330
SRR2978889	1863562	338232	18337	136311	16120
SRR2978890	2079104	147150	17225	632734	24068
SRR2978891	2430828	420119	16365	304532	11138
SRR2978892	274915	43083	2279	25723	2158
SRR2978893	3247045	495695	22502	241981	18118
SRR2978894	3207379	497380	22344	347402	17595
SRR2978895	436173	55237	3524	26885	3256
SRR2978896	2295129	410458	15334	241625	9510
SRR2978897	1505039	315723	12632	80370	9421
SRR2978898	1824457	301760	17587	128445	15111
SRR2978899	2775502	408159	23317	152330	18915
SRR2978900	2547054	220041	19985	395426	25656
SRR2978901	1786217	235784	11852	174517	10880
SRR2978902	1696497	222168	13129	123541	11588
SRR2978903	1547830	268667	9510	192232	5666
SRR2978904	1872668	266015	11964	157356	10660
SRR2978905	1669782	188250	12225	218135	13029
SRR2978906	1861234	292490	11306	197750	7825
SRR2978907	1761801	264274	12749	170423	11539
SRR2978908	1232346	181597	9146	76747	7539
SRR2978909	1540735	182047	11696	169882	12258
SRR2978910	2143263	250543	16223	116012	18063
SRR2978911	2564734	295608	18747	202057	19214
SRR2978912	3043009	374089	16086	200530	17136
SRR2978913	2241983	257560	14909	173533	15677
SRR2978914	1912081	287828	11737	157144	9272
SRR2978915	1759218	192770	15001	309545	19519
SRR2978916	1690228	234259	13057	113111	13004
SRR2978917	1628619	253938	9382	258080	7553
SRR2978918	2126593	273067	13568	140999	12841
SRR2978919	1047692	133913	7914	75601	7636
SRR2978920	1095650	106341	7568	203886	8964
SRR2978921	665070	74535	5053	39802	5291
SRR2978922	1319482	152353	9085	86595	9464
SRR2978923	2297800	284928	11771	175221	10013
SRR2978924	3138029	316831	18781	326664	22186
SRR2978925	1806623	220842	11124	166559	10188
SRR2978926	1933891	253333	14789	130365	14303
SRR2978927	1678115	270686	10585	267539	9164
SRR2978928	2015391	244511	13134	213034	13252
SRR2978929	1873317	282112	11673	141954	9974
SRR2978930	2327255	318297	13722	140979	11256
SRR2978931	1450189	192267	11452	165775	11540
SRR2978932	1082924	143131	6890	85396	5825
SRR2978933	1355707	225520	10222	117011	7732
SRR2978934	2400943	317811	13461	178589	11692
SRR2978935	2331742	253098	15810	131068	18449
SRR2978936	2621328	281315	16233	187697	17802
SRR2978937	1578077	202943	10876	148663	10925
SRR2978938	1604960	220626	8991	201414	7361
SRR2978939	1316503	174287	10169	112459	10888
SRR2978940	1193041	167782	10133	102837	9942
SRR2978941	1201669	165988	9317	73418	9049
SRR2978942	1553576	212939	8970	143895	6549
SRR2978943	1236933	187496	8746	91925	7354
SRR2978944	1025128	165220	6923	74445	4852
SRR2978945	1236994	202692	9899	89691	7113
SRR2978946	1599768	195332	11479	121439	11445
SRR2978947	1629803	191930	11904	102300	12471
SRR2978948	2458447	313751	12346	164149	11259
SRR2978949	1515628	205006	10243	94859	8991
SRR2978950	1602101	218625	12595	132465	11072
SRR2978951	1124540	157927	8237	98398	6699
SRR2978952	1375482	200075	11416	94958	10495
SRR2978953	1421734	201563	9147	232846	7493
SRR2978954	1646779	237843	13745	146385	13364
SRR2978955	1186367	186015	9378	151263	7864
SRR2978956	762240	110620	6780	47759	5982
SRR2978957	1154039	155200	11264	122899	11054
SRR2978958	1471376	213642	11556	185336	11359
SRR2978959	1883341	234735	14091	150064	12850
SRR2978960	2998550	365003	17600	278885	15432
SRR2978961	1816571	234606	10609	152410	10457
SRR2978962	1587766	202979	10881	159034	9853
SRR2978963	1603560	230588	10890	167627	9301
SRR2978964	1831763	227458	12088	169355	11485
SRR2978965	2109290	240375	13931	134596	15347
SRR2978966	2385949	271438	12089	297248	11318
SRR2978967	1528240	191756	12892	115601	12286
SRR2978968	967161	137143	6680	69288	5814
SRR2978969	1428536	181749	12717	117670	12626
SRR2978970	1917325	240655	13598	92348	12738
SRR2978971	2426217	373732	15545	200140	10900
SRR2978972	3015173	363298	19638	309766	23139
SRR2978973	1990260	261472	11803	342775	10736
SRR2978974	2156136	218486	18010	149219	21024
SRR2978975	2362413	318094	11789	217451	8173
SRR2978976	2297520	273607	13988	217036	12949
SRR2978977	2169489	238867	14173	162858	13247
SRR2978978	1601354	213935	11333	125923	11001
SRR2978979	1176845	155156	6245	115444	5254
SRR2978980	1437545	189717	12079	114299	13779
SRR2978981	2219189	291071	12945	235603	10244
SRR2978982	2202173	207978	19534	251041	24617
SRR2978983	700440	84459	4155	63300	3935
SRR2978984	1490671	160201	9431	83241	9638
SRR2978985	2514010	292365	16294	170026	16551
SRR2978986	2466356	302650	15831	145289	14735
SRR2978987	2361186	363459	14524	300450	12519
SRR2978988	333863	46514	2417	19957	2267
SRR2978989	2313335	213244	16407	412848	21134
SRR2978990	1986619	244527	15048	92726	14827
SRR2978991	1366913	182078	7763	82294	6419
SRR2978992	961685	122915	6084	60946	5551
SRR2978993	2464969	284779	15435	305829	17299
SRR2978994	2439094	248265	16478	152863	17528
SRR2978995	2132255	269455	14687	206251	14506
SRR2978996	1220768	157210	10409	70609	11327
SRR2978997	2014164	270725	14583	117739	15569
SRR2978998	1602433	298468	7547	218054	4476
SRR2978999	1899236	238663	14249	100562	13816
SRR2979000	1863959	233365	15735	111949	18172
SRR2979001	2850847	294579	21109	272904	27394
SRR2979002	2123139	283074	16062	113503	15559
SRR2979003	2437341	278814	16574	130180	16993
SRR2979004	2308834	282574	17206	112362	17539
SRR2979005	2433194	303195	15989	156478	17549
SRR2979006	2253207	297823	18472	130796	16587
SRR2979007	2550691	314891	16176	227222	17214
SRR2979008	1762739	204195	11990	139461	11711
SRR2979009	2168016	273402	17818	164394	17708
SRR2979010	2141098	269303	13273	161565	12988
SRR2979011	2199838	288705	15560	170591	16951
SRR2979012	2433775	308404	18029	141295	19267
SRR2979013	2147902	259859	14971	154198	15290
SRR2979014	1563326	193686	12432	104090	12068
SRR2979015	1956812	177354	16903	148742	20420
SRR2979016	1350307	193611	12990	71052	12799
SRR2979017	1400031	216207	11251	73824	9911
SRR2979018	1586881	192476	12816	158952	14146
SRR2979019	1645251	225480	14957	98847	15407
SRR2979020	1409524	214529	9274	71034	7531
SRR2979021	1556598	232868	15614	76095	15371
SRR2979022	1325463	196065	11931	111293	13249
SRR2979023	1555555	286603	10699	153687	7251
SRR2979024	1370410	206690	16666	82482	17106
SRR2979025	2679840	330221	21395	218381	22918
SRR2979026	1631104	225513	12762	92539	11839
SRR2979027	1988598	303697	14925	220444	10921
SRR2979028	1673978	240363	10839	156300	9194
SRR2979029	1976219	277334	11893	148242	11142
SRR2979030	2090236	292917	12786	218807	10232
SRR2979031	2757732	336328	18671	242752	22959
SRR2979032	2200747	219056	19514	121096	24581
SRR2979034	2336052	307866	15314	137690	14331
SRR2979035	2588002	324240	17973	230762	18435
SRR2979036	2633223	325803	17562	209490	19569
SRR2979037	653509	97397	3871	75334	2917
SRR2979038	1351300	161391	11986	140427	16649
SRR2979039	1966539	347241	13673	66941	11077
SRR2979040	1570766	270557	11784	59680	12513
SRR2979041	1754746	311351	11226	58523	8789
SRR2979042	1649083	309401	11368	61872	9189
SRR2979043	1777238	267410	14331	88372	14693
SRR2979044	1850067	261733	18002	64994	18349
SRR2979045	1985048	314235	16670	71539	15364
SRR2979046	1873944	327606	10716	48610	7269
SRR2979047	1975493	275415	15497	63367	15490
SRR2979048	1724054	311724	13539	60385	13395
SRR2979049	2367632	378759	21509	69111	24089
SRR2979050	2209916	379792	17854	82336	18688
SRR2979051	2156912	360259	12838	61915	9625
SRR2979052	2066220	312523	13946	56134	12556
SRR2979053	2001405	250752	18489	69316	29911
SRR2979054	1958270	305783	12786	63976	10820
SRR2979055	2180962	371022	12411	62934	7900
SRR2979056	1944119	303407	12161	60290	12105
SRR2979057	2312768	355962	14110	54497	11285
SRR2979058	1069973	187407	7796	36638	7066
SRR2979059	1731704	234612	13182	65831	18779
SRR2979060	760373	129577	5694	28454	4091
SRR2979061	1463428	237213	7706	46196	7934
SRR2979062	2123995	337293	13375	78658	11053
SRR2979063	1829700	310191	11461	44334	8382
SRR2979064	1446473	235491	8256	46055	8548
SRR2979065	1574426	237966	10635	38202	9550
SRR2979066	1779106	277945	9525	48581	7213
SRR2979067	1843589	270112	13066	64654	11254
SRR2979068	1871655	311394	11095	52789	9024
SRR2979069	2219564	345378	11215	61970	8210
SRR2979070	1308721	207275	6793	27180	4038
SRR2979071	1308059	184224	9107	42494	9028
SRR2979072	1419597	227027	8109	43797	6135
SRR2979073	2055285	336255	10940	66988	5954
SRR2979074	1936810	311346	11373	64283	8152
SRR2979075	1913497	312683	11025	64058	6221
SRR2979076	1606344	234347	9035	36494	7185
SRR2979077	1865700	278787	11205	45860	7937
SRR2979078	1334817	224161	6390	32236	4009
SRR2979079	1500109	251344	10741	40759	8695
SRR2979080	1493546	237979	9496	38747	6964
SRR2979081	826402	126247	4641	19527	4023
SRR2979082	1806432	240545	9680	62213	8493
SRR2979083	1427101	236664	10011	39677	6012
SRR2979084	1464290	231278	9729	40737	8604
SRR2979085	1678939	276636	10069	45013	6863
SRR2979086	1629459	274421	9203	50983	6496
SRR2979087	1681467	255626	10996	44825	9805
SRR2979088	1512601	275899	10793	49627	6505
SRR2979089	1635013	278782	15067	61135	10824
SRR2979090	1183153	245736	9766	48583	5531
SRR2979091	1649317	238508	9845	50273	8998
SRR2979092	1725392	263197	12120	52669	9708
SRR2979093	1962474	314351	14745	50817	9410
SRR2979094	1601747	276939	6806	46257	5226
SRR2979095	1183379	195131	7710	36242	5279
SRR2979096	1348478	265690	9652	51167	7574
SRR2979097	1330439	252593	8400	27713	3912
SRR2979098	1822302	301114	9634	44791	6555
SRR2979099	2335652	367834	10608	49898	4990
SRR2979100	1838813	249365	11966	47771	11889
SRR2979101	1819071	301762	11650	52854	8114
SRR2979102	1681444	279415	10770	46321	8698
SRR2979103	1846663	295979	12377	49721	10654
SRR2979104	2322412	358043	12091	80187	8879
SRR2979105	2587295	391529	11950	67427	6130
SRR2979106	1879890	281744	14718	63274	13510
SRR2979107	1381201	248511	10118	50022	7800
SRR2979108	1466359	287366	13430	62760	7730
SRR2979109	1820486	307954	11078	52657	8118
SRR2979110	2339198	385962	10760	66137	6446
SRR2979111	2038772	309154	9666	48956	6994
SRR2979112	1855855	327256	8932	68165	5662
SRR2979113	2171505	337321	12679	70117	11208
SRR2979114	2425250	381868	9115	68394	5506
SRR2979115	2608799	443251	13955	71181	10709
SRR2979116	2545121	371649	14043	70785	11747
SRR2979117	2243052	263636	12367	63585	11938
SRR2979118	1472273	230303	9753	42687	10054
SRR2979119	1724384	315603	11750	202842	7924
SRR2979120	2258760	281272	15983	230166	16260
SRR2979121	2463325	318962	15059	205391	11159
SRR2979122	387284	81766	3084	60442	2247
SRR2979123	1305390	180572	9173	141852	9051
SRR2979124	2429710	260443	18877	162911	21124
SRR2979125	2219898	279769	12453	203200	14202
SRR2979126	2295285	249304	17583	118934	19462
SRR2979127	423276	49553	2917	37697	3047
SRR2979128	2598355	343901	16980	140149	16818
SRR2979129	2076863	221846	15435	112942	18335
SRR2979130	2137394	255662	15447	168143	15828
SRR2979131	942663	117996	7436	69111	7437
SRR2979132	2093469	274741	13631	153860	11718
SRR2979133	2120809	349297	11855	157726	7410
SRR2979134	2349211	272055	13531	164003	12940
SRR2979135	1461027	183043	9644	177952	8649
SRR2979136	1594824	210892	10793	133340	10589
SRR2979137	1285067	179499	9784	100421	9028
SRR2979138	1714603	207193	10212	114223	9056
SRR2979139	1624978	207563	11209	193412	10233
SRR2979140	1671867	235042	10042	136101	9073
SRR2979141	1643004	212738	12559	115094	12966
SRR2979142	1232917	158345	8531	188759	7180
SRR2979143	1402605	186052	9547	101317	9226
SRR2979144	2018874	244339	12215	171477	11809
SRR2979145	2364514	248054	15817	133543	17214
SRR2979146	2772186	291421	15686	208660	14527
SRR2979147	2078884	220179	13551	113596	15635
SRR2979148	1879759	229101	13052	117638	11944
SRR2979149	1808788	258548	9357	192477	6825
SRR2979150	2041049	246285	15184	205313	15910
SRR2979151	1993639	294976	10183	210174	7039
SRR2979152	2068118	192448	15637	401981	18076
SRR2979153	936795	130067	6320	86539	5948
SRR2979154	1560333	183548	10878	122305	11153
SRR2979155	567758	79434	4023	40708	3479
SRR2979156	1403085	181604	9236	153933	9138
SRR2979157	2160203	319495	10548	316592	6186
SRR2979158	2363686	233446	12773	137651	13241
SRR2979159	1479056	178593	8753	135394	9050
SRR2979160	1619572	182567	13166	69330	13486
SRR2979161	1460439	163927	11297	219772	13082
SRR2979162	1619485	250561	9708	249902	7049
SRR2979163	1785918	260400	13166	232101	12446
SRR2979164	2039685	235991	11562	157336	11291
SRR2979165	1218274	187343	9181	81168	8417
SRR2979166	932806	147467	6392	72886	3720
SRR2979167	1113115	172409	9239	120496	7834
SRR2979168	2208927	233083	15365	289444	16034
SRR2979169	2147196	311468	9932	205096	6426
SRR2979170	2302158	243216	13746	196242	16631
SRR2979171	1842563	198092	10979	110487	12832
SRR2979172	1917244	205842	14111	180413	15637
SRR2979173	1298025	170835	8612	130300	7275
SRR2979174	1391014	192661	11737	127249	12846
SRR2979175	1478855	171980	10024	104535	10116
SRR2979176	1799156	198174	13599	153740	14829
SRR2979177	1479474	178688	9433	133419	8858
SRR2979178	1364216	186130	8390	108440	6861
SRR2979179	1364874	204171	8769	97528	8239
SRR2979180	1639410	166148	11364	71796	12188
SRR2979181	1629616	187170	11139	129590	11226
SRR2979182	2159396	257854	13185	197439	14537
SRR2979183	1445835	161697	11409	182265	13797
SRR2979184	1744697	208536	13466	119185	15555
SRR2979185	1270240	136091	10688	88712	11525
SRR2979186	1437822	180434	9998	151125	10552
SRR2979187	1588501	186972	13787	190654	14159
SRR2979188	1778414	263953	10640	134846	8345
SRR2979189	1290977	194863	9937	169257	10055
SRR2979190	1042069	160172	7173	82809	6100
SRR2979191	1343651	213841	8618	108666	7065
SRR2979192	1859862	236854	13093	180650	12904
SRR2979193	1828286	241801	11711	242066	11205
SRR2979194	2716141	324315	12713	198322	13047
SRR2979195	1791491	226352	12366	151655	10519
SRR2979196	1667105	241079	10914	287782	7748
SRR2979197	1752071	190352	13501	165697	12598
SRR2979198	1824678	236351	13839	212340	12653
SRR2979199	1971920	220828	13656	171971	15568
SRR2979200	2343544	233847	15113	239106	14517
SRR2979201	1536230	203673	10823	133501	9657
SRR2979202	1212097	148523	9922	139463	10027
SRR2979203	1491714	192776	12450	152503	13965
SRR2979204	2122240	247744	13917	175043	13643
SRR2979205	2424419	250709	13848	204650	15407
SRR2979206	2997753	325910	15542	232317	16517
SRR2979207	2126635	265835	15493	191501	15435
SRR2979208	2276229	296701	12249	173169	10806
SRR2979209	2500401	277990	13145	216109	12997
SRR2979210	2489022	250869	16696	272544	17967
SRR2979211	2595981	215705	15559	191078	18531
SRR2979212	1568270	200675	9342	178947	9046
SRR2979213	1508902	161039	10376	180309	11047
SRR2979214	1534024	237867	8510	154259	4463
SRR2979215	2359965	244525	13529	339036	14263
SRR2979216	2607649	274773	17174	188947	20856
SRR2979217	1428965	136566	9461	159286	12051
SRR2979218	2625524	321978	14312	279907	16618
SRR2979219	2276724	252571	13076	230760	13377
SRR2979220	2856836	297954	16802	213972	18029
SRR2979221	402513	49662	2312	34238	2309
SRR2979222	2717968	286270	15707	185940	17402
SRR2979223	1917559	217855	10022	150992	9912
SRR2979224	2238182	256172	11662	176865	12941
SRR2979225	1121587	120417	7287	87945	8619
SRR2979226	2373806	271258	16905	178761	20021
SRR2979227	1865685	394329	27043	1027657	23371
SRR2979228	2598375	540532	35168	1764039	35311
SRR2979229	2188731	428265	27170	940160	24903
SRR2979230	1944278	379139	31820	1014311	30263
SRR2979231	1858854	370783	23287	963838	20073
SRR2979232	1931027	379705	34053	834768	34715
SRR2979233	1973392	470720	18074	1936191	11465
SRR2979235	1729867	350432	26046	1182134	22186
SRR2979236	3206381	630983	59192	1660540	57279
SRR2979237	3457450	645239	44273	1897942	41392
SRR2979238	4685307	848679	63408	2237713	66373
SRR2979239	2648295	534746	44117	1143926	41485
SRR2979240	2640708	479915	33409	979756	30826
SRR2979241	2748843	516604	44663	1147450	42765
SRR2979242	1687109	336423	34215	576367	34155
SRR2979243	2048518	380654	28280	889558	25975
SRR2979244	2302401	421991	42443	708161	41863
SRR2979245	1823243	327383	32038	657126	31005
SRR2979246	2240416	475327	25599	1308296	22395
SRR2979247	2715622	555820	28461	1817440	23129
SRR2979248	3808510	668428	51622	1461112	47094
SRR2979249	4254413	689834	57946	1456510	55368
SRR2979250	3745950	664602	42322	1889767	34441
SRR2979251	2998436	552440	38560	1546221	35682
SRR2979252	2883927	599568	27081	2347446	19988
SRR2979253	2473528	454546	32413	1189297	29252
SRR2979254	2792625	497690	26691	1665615	23530
SRR2979255	3286588	571372	28957	2084633	23382
SRR2979256	2518155	478667	23715	1695665	18467
SRR2979257	2249985	432881	24263	1174223	19115
SRR2979258	4244094	752713	61063	1469356	59933
SRR2979259	5934807	1013880	47426	3760319	37787
SRR2979260	2567939	517750	46230	1109371	43278
SRR2979261	2685479	458092	32687	1024550	31316
SRR2979262	2761658	549365	43121	1348849	39839
SRR2979263	1963759	405066	30463	830145	27682
SRR2979264	2429799	447351	23061	1363555	17981
SRR2979265	2607666	475986	29474	1094683	26255
SRR2979266	2071514	431006	22435	1094686	17093
SRR2979267	1818455	359178	20510	906497	15914
SRR2979268	4667727	905514	38648	3131733	28949
SRR2979269	4750349	884395	38427	2215358	28504
SRR2979270	2498665	532372	49827	1014399	45958
SRR2979271	2920000	510784	47464	1444087	44212
SRR2979272	2825402	541678	39512	1170498	38770
SRR2979273	2934881	555082	44250	1376664	39107
SRR2979274	2860967	536154	31773	1578511	27190
SRR2979275	2412003	429960	32421	1099459	28407
SRR2979276	2280143	418678	37288	958707	38826
SRR2979277	2493926	436335	31292	1481040	28611
SRR2979278	4135479	832332	40329	3098496	28479
SRR2979279	5279951	1028065	52941	2945497	43949
SRR2979280	3235872	601779	52310	1366962	46131
SRR2979281	3090795	600399	41375	1516405	38069
SRR2979282	3116511	556680	36817	1511006	33625
SRR2979283	3125272	636790	58038	1374850	53000
SRR2979284	2650670	549673	34071	1474325	29847
SRR2979285	2264392	448303	29209	1108602	25195
SRR2979286	2194921	442651	23708	1397062	22040
SRR2979287	3364828	654440	49285	1970428	46248
SRR2979288	2371547	491265	42031	104215	39005
SRR2979289	3546081	662687	41748	203707	37774
SRR2979290	3316045	673780	45924	131202	44575
SRR2979291	2984757	586501	34094	164555	29263
SRR2979292	3578727	746720	35231	330839	26901
SRR2979293	3019388	655242	30382	328111	19849
SRR2979294	3691025	671338	38114	180551	42129
SRR2979295	3293095	688777	40708	242598	34841
SRR2979296	4043400	815020	45424	259341	43223
SRR2979297	4152401	773412	39288	611884	33120
SRR2979298	4660334	865526	51988	243309	48076
SRR2979299	3683896	704691	53896	194485	50613
SRR2979300	3162682	580608	33855	195861	30040
SRR2979301	3708515	722468	39398	277732	32984
SRR2979302	4303508	846466	51605	244682	44538
SRR2979303	5285823	892546	55659	541815	53977
SRR2979304	5025926	920866	54761	209572	51452
SRR2979305	4210279	803819	46784	192897	42925
SRR2979306	6481610	1091549	61976	282125	53397
SRR2979307	3723954	755537	47732	216402	43568
SRR2979308	6491741	1215324	57265	509069	45750
SRR2979309	3724696	673371	40510	232465	36235
SRR2979310	5792093	952550	65649	222860	62458
SRR2979311	5483662	983704	49201	229067	41340
SRR2979312	2883594	553131	38814	169230	36789
SRR2979313	4838932	1027577	40495	363384	27710
SRR2979314	3945962	763182	47603	134088	41409
SRR2979315	4900807	844007	50344	292622	42942
SRR2979316	4215775	774842	44896	233312	36587
SRR2979317	5085813	1012884	57149	212174	47435
SRR2979318	5802003	1063830	54305	293045	41345
SRR2979319	4537603	815051	55431	363497	50097
SRR2979320	4446468	824238	51309	298786	45836
SRR2979321	8662125	1634772	64801	535616	43813
SRR2979322	2530565	511935	46050	145378	45943
SRR2979323	5088597	976190	41392	580958	34965
SRR2979324	4385052	771261	38392	172377	32422
SRR2979325	5643124	1039500	52842	394352	43737
SRR2979326	6351345	1111412	64564	524708	55147
SRR2979327	4731776	911946	44436	179709	34287
SRR2979328	5229546	944052	46688	216971	38213
SRR2979329	7168930	1264138	64212	421427	52902
SRR2979330	8059075	1207174	82498	438648	80829
SRR2979331	6922219	1251399	62269	515914	53704
SRR2979332	8486864	1506376	110887	606860	101684
SRR2979333	10224157	1883975	98565	499581	77940
SRR2979334	3285144	607087	47984	207919	46111
SRR2979335	4475074	812652	44305	201940	36818
SRR2979336	5641828	1104696	55687	655663	57897
SRR2979337	3140210	659750	37594	164101	31046
SRR2979338	4284150	834368	44299	361502	32763
SRR2979339	5492785	999585	48362	315857	39999
SRR2979340	5104463	886808	59599	242913	57082
SRR2979341	4509699	845589	46251	258324	39347
SRR2979342	4350312	851387	40806	250758	29826
SRR2979343	10876485	1907288	118679	958557	106196
SRR2979344	5229249	987437	55249	296592	47005
SRR2979345	6094020	937828	58333	454502	55483
SRR2979346	6322431	1268768	55419	395851	37161
SRR2979347	6318932	987201	66443	601921	66701
SRR2979348	5122847	876873	59164	228884	57696
SRR2979349	5341313	973781	51680	260115	39351
SRR2979350	4689186	818210	51814	183891	47418
SRR2979351	7374897	1275925	71708	566035	68298
SRR2979352	4902339	874080	54102	243482	50776
SRR2979353	6032997	1053949	54343	504573	40704
SRR2979354	8147268	1674941	86443	449170	75035
SRR2979355	6790634	1145816	76242	260289	72581
SRR2979356	5487599	899366	40726	335845	43598
SRR2979357	3974366	595103	26214	438041	39084
SRR2979358	7968067	1368494	60156	427739	49392
SRR2979359	1719535	349709	27445	100792	42557
SRR2979360	7140981	1215775	52607	425025	42591
SRR2979361	4139469	569513	35734	342943	39472
SRR2979362	8514657	1739478	56850	661848	29684
SRR2979363	2107989	471174	40868	166604	36144
SRR2979364	612584	116894	7384	32422	5958
SRR2979365	2197466	402465	27503	230618	30056
SRR2979366	2201516	1099840	40420	521908	17850
SRR2979367	835873	150289	7981	36062	5580
SRR2979368	5342817	964599	49118	167976	41338
SRR2979369	4229375	653490	38308	234932	32673
SRR2979370	7111742	1353848	60924	532941	46382
SRR2979371	4183042	857677	42533	216736	30354
SRR2979372	2832568	550080	38592	87188	33670
SRR2979373	4494644	834090	45057	305106	34853
SRR2979374	1628066	274849	14359	70062	11378
SRR2979375	4914397	953802	41909	348237	33315
SRR2979376	5766514	1051688	53894	168589	42501
SRR2979377	3666726	725871	37323	427787	27867
SRR2979378	5110088	949958	45137	298828	32201
SRR2979379	2606432	458096	23261	73930	16889
SRR2979380	7266040	1319644	64538	276669	47609
SRR2979381	5392051	904199	52207	188387	46109
SRR2979382	9866901	1603678	85501	330604	75191
SRR2979383	7565043	1395056	60988	285888	42042
SRR2979384	7062671	1453907	60619	279292	34689
SRR2979385	4029548	805052	38292	160791	28821
SRR2979386	4340065	788173	33693	259376	22886
SRR2979387	5704836	948976	56872	309534	46642
SRR2979388	5134717	968935	52295	145356	48241
SRR2979389	7401481	1365012	66494	295371	49534
SRR2979390	4312202	782634	48294	119294	44536
SRR2979391	1412925	248742	11628	42483	8462
SRR2979392	9979329	1894802	95982	470364	63799
SRR2979393	6496088	1196048	59304	238484	48179
SRR2979394	8752590	1872071	79001	274486	52913
SRR2979395	7982534	1451629	73635	375992	56697
SRR2979396	6650530	1170389	61347	225601	52124
SRR2979397	4700080	835777	38799	162906	27631
SRR2979398	7977005	1566735	66747	322176	49873
SRR2979399	9322717	1817395	85832	243574	66954
SRR2979401	10452021	1963413	76968	611352	59291
SRR2979402	3529784	624864	31516	148833	24442
SRR2979403	3457456	644808	32122	132653	20177
SRR2979404	7481455	1279070	59870	285646	43946
SRR2979405	5428795	907071	51557	233169	39972
SRR2979406	7609337	1303425	60355	268527	44600
SRR2979407	5428134	1045155	45631	219612	30502
SRR2979408	5265301	970459	42426	145645	32365
SRR2979409	5180085	1006569	48564	626658	34470
SRR2979410	5421248	921711	47149	190074	41723
SRR2979411	8279807	1516537	76468	424635	62142
SRR2979412	7924289	1490762	67109	281112	52094
SRR2979413	8526997	1468265	71164	450324	61312
SRR2979414	6428945	1302164	59577	213351	37035
SRR2979415	4103131	726706	38611	125617	29143
SRR2979416	10511664	2031012	85971	450003	57726
SRR2979417	6882244	1201537	65095	596735	46647
SRR2979418	9704803	1909520	85631	465005	58583
SRR2979419	9431253	1832809	87386	315713	72766
SRR2979420	7655229	1432953	70093	358530	48891
SRR2979421	5555016	1073516	52625	203949	41622
SRR2979422	5482184	1073435	47911	161900	36053
SRR2979423	7077842	1447387	70445	197889	53006
SRR2979424	6441904	1336946	66593	301975	49235
SRR2979425	10178943	1950755	95361	368213	76182
SRR2979426	5594333	1007653	55529	316825	43555
SRR2979427	1295391	237735	11799	42550	8128
SRR2979428	9741337	1825186	88459	341025	67482
SRR2979429	6597126	1240689	56804	332788	35508
SRR2979430	10054101	1796775	92302	316884	75214
SRR2979431	8970345	1810653	87702	576632	66756
SRR2979432	7683931	1349052	71585	253104	56455
SRR2979433	6206152	1125823	54964	225716	45908
SRR2979434	6595018	1318642	60954	211318	40290
SRR2979435	8997744	1807352	79622	338564	58684
SRR2979436	10266649	2066289	99688	347664	69276
SRR2979437	11569510	2056796	117513	374642	93660
SRR2979438	7205982	1415747	75130	272980	56042
SRR2979439	4676033	844239	42298	223514	31432
SRR2979440	7710188	1463936	69244	338938	49108
